2.841 5.749378018568875e-08
2.8488628 7.482559761407807e-08
2.8567256 9.711423593936568e-08
2.8645883999999997 1.2569528671005445e-07
2.8724511999999995 1.6224020934115956e-07
2.8803139999999994 2.0883410762381848e-07
2.888176799999999 2.680697498593194e-07
2.896039599999999 3.431607832355066e-07
2.903902399999999 4.3807752435647295e-07
2.9117651999999987 5.577091783142668e-07
2.9196279999999986 7.08056846316932e-07
2.9274907999999984 8.964622228915948e-07
2.9353535999999982 1.1318774522052758e-06
2.943216399999998 1.4251822007607888e-06
2.951079199999998 1.789554599438667e-06
2.9589419999999977 2.240903297121219e-06
2.9668047999999976 2.7983684328693197e-06
2.9746675999999974 3.484899851766895e-06
2.9825303999999973 4.327921334777336e-06
2.990393199999997 5.360089954476925e-06
2.998255999999997 6.62015987099177e-06
3.0061187999999968 8.153959906010896e-06
3.0139815999999966 1.0015494033253847e-05
3.0218443999999964 1.2268173453289948e-05
3.0297071999999963 1.4986188128065362e-05
3.037569999999996 1.8256024482671623e-05
3.045432799999996 2.217813438469737e-05
3.053295599999996 2.686875843160126e-05
3.0611583999999956 3.246190396328048e-05
3.0690211999999955 3.9111475024728346e-05
3.0768839999999953 4.699354769431141e-05
3.084746799999995 5.630877973920214e-05
3.092609599999995 6.728493844697824e-05
3.100472399999995 8.017952471441563e-05
3.1083351999999946 9.528246507450842e-05
3.1161979999999945 0.00011291883635788757
3.1240607999999943 0.00013345158018912898
3.131923599999994 0.0001572841566156845
3.139786399999994 0.0001848630779930845
3.147649199999994 0.000216680255974041
3.1555119999999937 0.0002532750862747795
3.1633747999999935 0.00029523618805694647
3.1712375999999933 0.000343202707537539
3.179100399999993 0.0003978650891213511
3.186963199999993 0.00045996521226359896
3.194825999999993 0.0005302957887557887
3.2026887999999927 0.0006096989135364671
3.2105515999999925 0.0006990636628111431
3.2184143999999923 0.0007993226365619539
3.226277199999992 0.0009114473487528656
3.234139999999992 0.0010364423779675573
3.242002799999992 0.0011753382040789499
3.2498655999999917 0.0013291826729980418
3.2577283999999915 0.0014990310516589218
3.2655911999999914 0.001685934659143362
3.273453999999991 0.001890928087099524
3.281316799999991 0.0021150150531123613
3.289179599999991 0.0023591529640576594
3.2970423999999907 0.0026242363022048946
3.3049051999999906 0.0029110789842812053
3.3127679999999904 0.0032203958820970877
3.3206307999999902 0.003552783731772418
3.32849359999999 0.0039087016960938055
3.33635639999999 0.004288451880001228
3.3442191999999897 0.004692160131504784
3.3520819999999896 0.0051197574883026994
3.3599447999999894 0.005570962652845699
3.3678075999999892 0.006045265894448353
3.375670399999989 0.0065419147852441096
3.383533199999989 0.007059902176398446
3.3913959999999888 0.007597956811276775
3.3992587999999886 0.008154536952653826
3.4071215999999884 0.008727827371227428
3.4149843999999883 0.009315740002605136
3.422847199999988 0.00991591852979775
3.430709999999988 0.010525747088613799
3.4385727999999878 0.011142363225045138
3.4464355999999876 0.011762675157914638
3.4542983999999874 0.012383383318157876
3.4621611999999873 0.013001006049834266
3.470023999999987 0.013611909269237278
3.477886799999987 0.01421233978940906
3.485749599999987 0.01479846193019927
3.4936123999999866 0.015366396951042652
3.5014751999999865 0.015912264767162267
3.5093379999999863 0.016432227342159596
3.517200799999986 0.01692253309300486
3.525063599999986 0.01737956159915173
3.532926399999986 0.017799867877447743
3.5407891999999856 0.018180225469932674
3.5486519999999855 0.01851766759335671
3.5565147999999853 0.01880952561772804
3.564377599999985 0.019053464176377193
3.572240399999985 0.019247512261405125
3.580103199999985 0.019390089725002165
3.5879659999999847 0.019480028687588375
3.5958287999999845 0.01951658944622762
3.6036915999999843 0.019499470579151013
3.611554399999984 0.019428813052034224
3.619417199999984 0.019305198246235535
3.627279999999984 0.019129639945694724
3.6351427999999837 0.01890357043474218
3.6430055999999835 0.01862882097082184
3.6508683999999834 0.01830759700135532
3.658731199999983 0.017942448590127048
3.666593999999983 0.0175362366033804
3.674456799999983 0.017092095277347594
3.6823195999999827 0.016613391845643224
3.6901823999999825 0.01610368394571627
3.6980451999999824 0.01556667554771239
3.705907999999982 0.015006172156448007
3.713770799999982 0.014426036028000756
3.721633599999982 0.013830142117373706
3.7294963999999817 0.013222335433901106
3.7373591999999816 0.012606390427994153
3.7452219999999814 0.011985972968247932
3.7530847999999812 0.011364605393856204
3.760947599999981 0.010745635045893168
3.768810399999981 0.010132206594606313
3.7766731999999807 0.009527238390737162
3.7845359999999806 0.008933402979323086
3.7923987999999804 0.008353111826605971
3.8002615999999803 0.007788504226593339
3.80812439999998 0.007241440275285194
3.81598719999998 0.006713497729145639
3.8238499999999798 0.006205972501331847
3.8317127999999796 0.005719882495466844
3.8395755999999794 0.005255974433021165
3.8474383999999793 0.004814733297013232
3.855301199999979 0.0043963939918177045
3.863163999999979 0.004000954806181388
3.871026799999979 0.003628192263638437
3.8788895999999786 0.003277676950729619
3.8867523999999785 0.002948789927927353
3.8946151999999783 0.0026407393499757997
3.902477999999978 0.002352576950403899
3.910340799999978 0.0020832140781321313
3.918203599999978 0.001831437011224821
3.9260663999999776 0.0015959213128075647
3.9339291999999775 0.0013752450358884218
3.9417919999999773 0.00116790062627739
3.949654799999977 0.0009723054150701062
3.957517599999977 0.0007868106334352059
3.965380399999977 0.0006097089220263349
3.9732431999999767 0.0004392403446599284
3.9811059999999765 0.0002735969505148316
3.9889687999999763 0.00011092596069891868
3.996831599999976 -5.066831661351129e-05
4.004694399999976 -0.00021312371323924234
4.012557199999976 -0.0003784204193038535
4.020419999999976 -0.0005485820234346634
4.0282827999999755 -0.0007256771900954266
4.036145599999975 -0.0009118217768803379
4.044008399999975 -0.001109181184793995
4.051871199999975 -0.001319972727144187
4.059733999999975 -0.001546467797386704
4.067596799999975 -0.001790993612807537
4.0754595999999745 -0.002055934309041539
4.083322399999974 -0.0023437311598649892
4.091185199999974 -0.002656881697252836
4.099047999999974 -0.0029979375081927626
4.106910799999974 -0.003369500487082716
4.114773599999974 -0.0037742173256517225
4.1226363999999736 -0.00421477202624987
4.130499199999973 -0.0046938762291436386
4.138361999999973 -0.005214257150302301
4.146224799999973 -0.005778642933336139
4.154087599999973 -0.006389745228110104
4.161950399999973 -0.007050238819569499
4.169813199999973 -0.007762738144040965
4.177675999999972 -0.008529770547375312
4.185538799999972 -0.009353746160534604
4.193401599999972 -0.010236924294431933
4.201264399999972 -0.011181376287911006
4.209127199999972 -0.012188944781646163
4.216989999999972 -0.01326119943740251
4.224852799999971 -0.01439938917743886
4.232715599999971 -0.01560439108370193
4.240578399999971 -0.01687665617155031
4.248441199999971 -0.018216152338562903
4.256303999999971 -0.019622304885761718
4.264166799999971 -0.021093935116202132
4.2720295999999705 -0.0226291976338284
4.27989239999997 -0.024225517092740276
4.28775519999997 -0.025879525281994963
4.29561799999997 -0.027586999571587386
4.30348079999997 -0.02934280388846799
4.31134359999997 -0.031140833533843087
4.3192063999999695 -0.032973965290354526
4.327069199999969 -0.03483401439519393
4.334931999999969 -0.03671170006732486
4.342794799999969 -0.03859662136781828
4.350657599999969 -0.040477245235546015
4.358520399999969 -0.04234090856962362
4.3663831999999685 -0.04417383621855473
4.374245999999968 -0.04596117667777299
4.382108799999968 -0.04768705718647478
4.389971599999968 -0.049334659746375784
4.397834399999968 -0.05088631935549048
4.405697199999968 -0.0523236454568098
4.4135599999999675 -0.05362766724412685
4.421422799999967 -0.05477900304645164
4.429285599999967 -0.05575805353188133
4.437148399999967 -0.05654521793720391
4.445011199999967 -0.05712113194910148
4.452873999999967 -0.05746692524727068
4.4607367999999665 -0.05756449608214119
4.468599599999966 -0.05739679961547002
4.476462399999966 -0.05694814611816032
4.484325199999966 -0.056204504515076574
4.492187999999966 -0.055153806211326914
4.500050799999966 -0.053786243649020564
4.5079135999999655 -0.05209455764824369
4.515776399999965 -0.050074307300612
4.523639199999965 -0.047724116026269
4.531501999999965 -0.04504588739146379
4.539364799999965 -0.04204498442656014
4.547227599999965 -0.03873036649259765
4.555090399999965 -0.035114678223031874
4.562953199999964 -0.031214285715899074
4.570815999999964 -0.02704925596511804
4.578678799999964 -0.02264327648713592
4.586541599999964 -0.018023513204594603
4.594404399999964 -0.013220405870608774
4.602267199999964 -0.008267401629354958
4.610129999999963 -0.003200628680255505
4.617992799999963 0.001941486590084042
4.625855599999963 0.007118654258812551
4.633718399999963 0.012289201216092878
4.641581199999963 0.017410589881900945
4.649443999999963 0.02243996684024168
4.657306799999962 0.02733473198399069
4.665169599999962 0.03205311800205062
4.673032399999962 0.036554769501774664
4.680895199999962 0.04080131076587382
4.688757999999962 0.044756891109579325
4.696620799999962 0.04838869703893613
4.7044835999999615 0.05166742091500199
4.712346399999961 0.054567676593712304
4.720209199999961 0.05706835352163302
4.728071999999961 0.059152902000513666
4.735934799999961 0.06080954375815217
4.743797599999961 0.0620314035433475
4.7516603999999605 0.06281655915724237
4.75952319999996 0.0631680090970103
4.76738599999996 0.06309355877347153
4.77524879999996 0.06260562802345893
4.78311159999996 0.061720984323546314
4.79097439999996 0.06046040767894532
4.7988371999999595 0.05884829456886488
4.806699999999959 0.05691220954123515
4.814562799999959 0.05468239403551164
4.822425599999959 0.05219124274948264
4.830288399999959 0.04947275833941719
4.838151199999959 0.04656199544557878
4.8460139999999585 0.04349450496811475
4.853876799999958 0.04030578919072807
4.861739599999958 0.037030777777728945
4.869602399999958 0.033703333877360624
4.877465199999958 0.03035579857943337
4.885327999999958 0.027018580831996243
4.8931907999999575 0.023719798656795566
4.901053599999957 0.020484976155672702
4.908916399999957 0.017336799409402803
4.916779199999957 0.014294932975947984
4.924641999999957 0.011375897333766547
4.932504799999957 0.008593006322079422
4.940367599999957 0.005956362434057179
4.948230399999956 0.0034729067465406583
4.956093199999956 0.0011465193414541485
4.963955999999956 -0.0010218346955845115
4.971818799999956 -0.0030339192157599723
4.979681599999956 -0.0048940068334177396
4.987544399999956 -0.006608630846067919
4.995407199999955 -0.008186315554233102
5.003269999999955 -0.009637291234231895
5.011132799999955 -0.010973199827161948
5.018995599999955 -0.01220679709831123
5.026858399999955 -0.013351656612614816
5.034721199999955 -0.014421880384274714
5.042583999999954 -0.015431820513410239
5.050446799999954 -0.016395815540315623
5.058309599999954 -0.017327944648156228
5.066172399999954 -0.018241802245819352
5.074035199999954 -0.019150294879928358
5.081897999999954 -0.020065461872246452
5.0897607999999535 -0.020998320566565632
5.097623599999953 -0.021958736605736016
5.105486399999953 -0.022955319249996633
5.113349199999953 -0.023995341394930716
5.121211999999953 -0.02508468365144137
5.129074799999953 -0.026227801609324797
5.1369375999999525 -0.027427715216741543
5.144800399999952 -0.028686019065176784
5.152663199999952 -0.03000291226740871
5.160525999999952 -0.03137724654802137
5.168388799999952 -0.03280659112532688
5.176251599999952 -0.03428731294355064
5.1841143999999515 -0.035814670808512805
5.191977199999951 -0.037382921983214905
5.199839999999951 -0.03898543980691941
5.207702799999951 -0.0406148409086754
5.215565599999951 -0.04226312059098452
5.223428399999951 -0.043921794959624186
5.2312911999999505 -0.04558204837075003
5.23915399999995 -0.047234884756346796
5.24701679999995 -0.04887128137472548
5.25487959999995 -0.05048234351551186
5.26274239999995 -0.05205945867030852
5.27060519999995 -0.05359444866308289
5.2784679999999495 -0.05507971822056817
5.286330799999949 -0.0565083984547388
5.294193599999949 -0.05787448372871338
5.302056399999949 -0.059172960385923665
5.309919199999949 -0.0603999258413704
5.317781999999949 -0.061552696564153006
5.3256447999999486 -0.06262990352268044
5.333507599999948 -0.063631573718131
5.341370399999948 -0.06455919649759466
5.349233199999948 -0.06541577341543021
5.357095999999948 -0.06620585049911679
5.364958799999948 -0.06693553187367991
5.372821599999948 -0.06761247380616417
5.380684399999947 -0.06824585834839253
5.388547199999947 -0.06884634588252272
5.396409999999947 -0.06942600601026376
5.404272799999947 -0.06999822637408117
5.412135599999947 -0.07057759915886441
5.419998399999947 -0.07117978519732732
5.427861199999946 -0.07182135579427103
5.435723999999946 -0.07251961259636079
5.443586799999946 -0.07329238606797246
5.451449599999946 -0.07415781339249738
5.459312399999946 -0.0751340969044146
5.467175199999946 -0.07623924447192777
5.4750379999999454 -0.07749079359353268
5.482900799999945 -0.07890552134378134
5.490763599999945 -0.08049914270146268
5.498626399999945 -0.08228600021337798
5.506489199999945 -0.0842787483828342
5.514351999999945 -0.08648803661581247
5.5222147999999445 -0.08892219499927576
5.530077599999944 -0.09158692761293714
5.537940399999944 -0.09448501847383524
5.545803199999944 -0.09761605556635931
5.553665999999944 -0.10097617870182773
5.561528799999944 -0.10455785716341466
5.5693915999999435 -0.10834970320605622
5.577254399999943 -0.1123363274792969
5.585117199999943 -0.11649824230747806
5.592979999999943 -0.12081181848179649
5.600842799999943 -0.1252493007809694
5.608705599999943 -0.12977888683348918
5.6165683999999425 -0.13436487316096277
5.624431199999942 -0.13896787130000848
5.632293999999942 -0.14354509579617125
5.640156799999942 -0.14805072460974927
5.648019599999942 -0.152436331088539
5.655882399999942 -0.15665138517064187
5.6637451999999415 -0.1606438199113587
5.671607999999941 -0.16436065781696527
5.679470799999941 -0.1677486898541065
5.687333599999941 -0.17075519842960926
5.695196399999941 -0.17332871414680442
5.703059199999941 -0.1754197947870891
5.7109219999999405 -0.1769818137851487
5.71878479999994 -0.17797174450650596
5.72664759999994 -0.17835092593700172
5.73451039999994 -0.17808579499020463
5.74237319999994 -0.17714857055899028
5.75023599999994 -0.17551787470189792
5.75809879999994 -0.17317927697489546
5.765961599999939 -0.1701257488963311
5.773824399999939 -0.16635801685843085
5.781687199999939 -0.1618848034533582
5.789549999999939 -0.15672294913585477
5.797412799999939 -0.15089740835831766
5.805275599999939 -0.1444411167392548
5.813138399999938 -0.13739472840613254
5.821001199999938 -0.129806225326209
5.828863999999938 -0.1217304031371964
5.836726799999938 -0.11322824064404922
5.844589599999938 -0.10436616268941093
5.852452399999938 -0.09521520846529384
5.860315199999937 -0.08585011944873835
5.868177999999937 -0.07634836295679837
5.876040799999937 -0.06678910877619582
5.883903599999937 -0.05725217739030747
5.891766399999937 -0.04781697897091091
5.899629199999937 -0.03856146250684697
5.9074919999999365 -0.029561094200658476
5.915354799999936 -0.02088788358441772
5.923217599999936 -0.012609474706361604
5.931080399999936 -0.0047883182511110015
5.938943199999936 0.0025190613807531854
5.946805999999936 0.009262692143348584
5.9546687999999355 0.015399664052003879
5.962531599999935 0.020894515565334306
5.970394399999935 0.025719492347941592
5.978257199999935 0.029854676827731286
5.986119999999935 0.03328798964685729
5.993982799999935 0.036015066701664246
6.0018455999999345 0.03803901791428683
6.009708399999934 0.039370076122296406
6.017571199999934 0.04002514646591068
6.025433999999934 0.04002726835593017
6.033296799999934 0.03940500349019906
6.041159599999934 0.03819176443172351
6.0490223999999335 0.0364250989570376
6.056885199999933 0.03414594572768931
6.064747999999933 0.03139787683822971
6.072610799999933 0.028226342466377986
6.080473599999933 0.02467793221751133
6.088336399999933 0.020799666844800335
6.0961991999999325 0.016638332871150602
6.104061999999932 0.012239871276189451
6.111924799999932 0.007648829879400294
6.119787599999932 0.0029078873888232913
6.127650399999932 -0.0019425446672439136
6.135513199999932 -0.006864637711998484
6.143375999999932 -0.011823377001435655
6.151238799999931 -0.01678670682297841
6.159101599999931 -0.021725590972354415
6.166964399999931 -0.02661399114700599
6.174827199999931 -0.03142876747217643
6.182689999999931 -0.03614950683376058
6.190552799999931 -0.04075828601300174
6.19841559999993 -0.04523937778800451
6.20627839999993 -0.049578909174384005
6.21414119999993 -0.05376448181298638
6.22200399999993 -0.05778476516925069
6.22986679999993 -0.06162907368075661
6.23772959999993 -0.06528693927249352
6.245592399999929 -0.06874769075016751
6.253455199999929 -0.07200005147830771
6.261317999999929 -0.07503176645096327
6.269180799999929 -0.07782926936856176
6.277043599999929 -0.08037739964665837
6.284906399999929 -0.08265917840424572
6.2927691999999285 -0.08465565141666853
6.300631999999928 -0.08634580577923806
6.308494799999928 -0.08770656562377939
6.316357599999928 -0.08871287067644403
6.324220399999928 -0.08933783976002792
6.332083199999928 -0.08955301955070669
6.3399459999999275 -0.08932871702481204
6.347808799999927 -0.08863441210757987
6.355671599999927 -0.08743924509825106
6.363534399999927 -0.08571257153369966
6.371397199999927 -0.08342457530802075
6.379259999999927 -0.08054692913247073
6.3871227999999265 -0.0770534898440939
6.394985599999926 -0.07292101469736793
6.402848399999926 -0.06812988364480378
6.410711199999926 -0.06266481177013207
6.418573999999926 -0.056515535517516646
6.426436799999926 -0.04967745619210883
6.4342995999999255 -0.04215222441379396
6.442162399999925 -0.033948249801071376
6.450025199999925 -0.02508112114984095
6.457887999999925 -0.01557392374610981
6.465750799999925 -0.0054574421949677866
6.473613599999925 0.00522976076779185
6.4814763999999245 0.01644139662961452
6.489339199999924 0.028123639131503172
6.497201999999924 0.04021544965482342
6.505064799999924 0.05264903868701979
6.512927599999924 0.06535045907639576
6.520790399999924 0.07824032379558057
6.5286531999999236 0.0912346380426702
6.536515999999923 0.10424573279565838
6.544378799999923 0.11718328447417954
6.552241599999923 0.1299554032215739
6.560104399999923 0.1424697705610909
6.567967199999923 0.15463480585402542
6.575829999999923 0.1663608401344284
6.583692799999922 0.17756127554159826
6.591555599999922 0.1881537087305359
6.599418399999922 0.19806099731025514
6.607281199999922 0.20721224952394657
6.615143999999922 0.21554371901316566
6.623006799999922 0.22299958855685864
6.630869599999921 0.2295326290898774
6.638732399999921 0.2351047230192808
6.646595199999921 0.2396872437969413
6.654457999999921 0.24326128679489997
6.662320799999921 0.2458177496836436
6.670183599999921 0.24735726365059593
6.6780463999999204 0.2478899798362262
6.68590919999992 0.24743521823242717
6.69377199999992 0.2460209889129747
6.70163479999992 0.2436833977884441
6.70949759999992 0.240465951047658
6.71736039999992 0.23641877402579545
6.7252231999999195 0.23159776139924568
6.733085999999919 0.22606367633532518
6.740948799999919 0.21988121651991513
6.748811599999919 0.21311806485884188
6.756674399999919 0.20584394212167298
6.764537199999919 0.19812967790184038
6.7723999999999185 0.19004631504564223
6.780262799999918 0.18166426120264365
6.788125599999918 0.17305249942445686
6.795988399999918 0.16427786784420437
6.803851199999918 0.15540441646302175
6.811713999999918 0.14649284701010337
6.8195767999999175 0.13760003978437318
6.827439599999917 0.12877866938051574
6.835302399999917 0.1200769092965958
6.843165199999917 0.11153822365556053
6.851027999999917 0.10320124268252413
6.858890799999917 0.095099717190529
6.8667535999999165 0.0872625461585494
6.874616399999916 0.07971387054839162
6.882479199999916 0.07247322580606466
6.890341999999916 0.06555574502555077
6.898204799999916 0.0589724045098271
6.906067599999916 0.052730303431245844
6.9139303999999155 0.04683296945213199
6.921793199999915 0.041280682494309794
6.929655999999915 0.03607080931819959
6.937518799999915 0.03119814216147649
6.945381599999915 0.026655235366711674
6.953244399999915 0.022432734669753675
6.961107199999915 0.018519694599675895
6.968969999999914 0.014903880232390126
6.976832799999914 0.0115720503212297
6.984695599999914 0.008510219579353866
6.992558399999914 0.005703898594143075
7.000421199999914 0.0031383104994964924
7.008283999999914 0.0007985841080542417
7.016146799999913 -0.0013300762949227118
7.024009599999913 -0.003262243874600438
7.031872399999913 -0.0050121439261701884
7.039735199999913 -0.006593549090412711
7.047597999999913 -0.008019693698927216
7.055460799999913 -0.009303205725300977
7.063323599999912 -0.010456054761666686
7.071186399999912 -0.011489514435066857
7.079049199999912 -0.012414137715367202
7.086911999999912 -0.013239743636428401
7.094774799999912 -0.01397541404528592
7.102637599999912 -0.014629499101112914
7.1105003999999115 -0.015209630358452741
7.118363199999911 -0.015722740380354188
7.126225999999911 -0.01617508793061965
7.134088799999911 -0.01657228788576899
7.141951599999911 -0.01691934508338462
7.149814399999911 -0.01722069138257637
7.1576771999999105 -0.017480225254182784
7.16553999999991 -0.017701353244144173
7.17340279999991 -0.017887032665590885
7.18126559999991 -0.018039814876934124
7.18912839999991 -0.018161888498758993
7.19699119999991 -0.018255121916240857
7.2048539999999095 -0.018321104411024792
7.212716799999909 -0.01836118527185732
7.220579599999909 -0.0183765102512491
7.228442399999909 -0.01836805476998464
7.236305199999909 -0.018336653325455653
7.244167999999909 -0.018283024635599974
7.2520307999999085 -0.018207792148505004
7.259893599999908 -0.018111499667990145
7.267756399999908 -0.017994621985868466
7.275619199999908 -0.017857570568907393
7.283481999999908 -0.01770069451829835
7.291344799999908 -0.017524277196120357
7.2992075999999075 -0.017328529090326804
7.307070399999907 -0.01711357766001556
7.314933199999907 -0.01687945505860273
7.322795999999907 -0.01662608476639908
7.330658799999907 -0.016353268268691143
7.338521599999907 -0.01606067298409951
7.346384399999907 -0.01574782267508368
7.354247199999906 -0.015414091553646498
7.362109999999906 -0.015058703227816514
7.369972799999906 -0.014680735517422525
7.377835599999906 -0.014279132002048224
7.385698399999906 -0.0138527209529338
7.393561199999906 -0.013400242049083699
7.401423999999905 -0.012920380992980571
7.409286799999905 -0.01241181183189708
7.417149599999905 -0.011873246467128102
7.425012399999905 -0.011303490506977697
7.432875199999905 -0.010701504302223665
7.440737999999905 -0.010066467707529692
7.448600799999904 -0.009397846851180471
7.456463599999904 -0.00869546098018549
7.464326399999904 -0.007959547288660414
7.472189199999904 -0.007190821543234787
7.480051999999904 -0.00639053229677969
7.487914799999904 -0.005560506535321274
7.4957775999999035 -0.004703184734268931
7.503640399999903 -0.003821643507858693
7.511503199999903 -0.0029196043159505475
7.519365999999903 -0.002001427038116023
7.527228799999903 -0.0010720876267823923
7.535091599999903 -0.00013713949711942856
7.5429543999999025 0.0007973412125472945
7.550817199999902 0.0017248258851852475
7.558679999999902 0.002638418060635562
7.566542799999902 0.0035309508779951884
7.574405599999902 0.004395095304994705
7.582268399999902 0.005223476749944535
7.5901311999999015 0.006008797332340344
7.597993999999901 0.006743960846150034
7.605856799999901 0.007422197294908696
7.613719599999901 0.00803718381690418
7.621582399999901 0.008583158855611984
7.629445199999901 0.00905502656545105
7.6373079999999005 0.00944844867277358
7.6451707999999 0.009759921330343282
7.6530335999999 0.0099868349008361
7.6608963999999 0.010127515068772732
7.6687591999999 0.010181244196045398
7.6766219999999 0.010148262387305379
7.6844847999998995 0.010029748300137102
7.692347599999899 0.009827780302797308
7.700210399999899 0.009545279131015782
7.708073199999899 0.009185933707351263
7.715935999999899 0.008754112245616744
7.723798799999899 0.008254761154599168
7.7316615999998985 0.007693294567772114
7.739524399999898 0.007075477549820971
7.747387199999898 0.006407306160544806
7.755249999999898 0.005694887589316622
7.763112799999898 0.004944323509327064
7.770975599999898 0.004161599644097946
7.778838399999898 0.0033524842960450554
7.786701199999897 0.002522438267742288
7.794563999999897 0.0016765382228438777
7.802426799999897 0.0008194150990613192
7.810289599999897 -4.4791284845247e-05
7.818152399999897 -0.0009124607766918524
7.826015199999897 -0.001780504436628374
7.833877999999896 -0.0026463594082899457
7.841740799999896 -0.0035079679007399027
7.849603599999896 -0.004363741486098743
7.857466399999896 -0.00521251228742981
7.865329199999896 -0.006053472942292185
7.873191999999896 -0.006886107472740152
7.881054799999895 -0.007710115368318179
7.888917599999895 -0.008525331293153323
7.896780399999895 -0.009331642862396614
7.904643199999895 -0.010128908900065223
7.912505999999895 -0.01091688049483418
7.920368799999895 -0.011695127019213976
7.9282315999998945 -0.012462969078813715
7.936094399999894 -0.013219420120875184
7.943957199999894 -0.013963138164292939
7.951819999999894 -0.014692388826267486
7.959682799999894 -0.015405020522623021
7.967545599999894 -0.016098452418041528
7.9754083999998935 -0.016769675406481714
7.983271199999893 -0.01741526611719228
7.991133999999893 -0.01803141367305619
7.998996799999893 -0.018613958679275417
8.006859599999892 -0.019158443694089318
8.014722399999894 -0.019660174230606158
8.022585199999892 -0.02011428916016459
8.030447999999893 -0.020515839232387596
8.038310799999891 -0.02085987229408727
8.046173599999893 -0.021141523677017368
8.054036399999891 -0.021356110131613936
8.061899199999893 -0.021499225609059754
8.06976199999989 -0.021566837136329422
8.077624799999892 -0.02155537898804118
8.08548759999989 -0.02146184333531132
8.093350399999892 -0.021283865546506252
8.10121319999989 -0.021019802329621456
8.109075999999892 -0.020668800943410653
8.11693879999989 -0.020230857767234753
8.124801599999891 -0.019706864610988674
8.13266439999989 -0.019098641269507426
8.140527199999891 -0.018408952983271647
8.148389999999889 -0.017641511661211386
8.15625279999989 -0.0168009599530801
8.164115599999889 -0.015892837528300428
8.17197839999989 -0.014923529223837249
8.179841199999888 -0.01390019506252954
8.18770399999989 -0.012830682510521326
8.195566799999888 -0.011723421731499633
8.20342959999989 -0.010587304998046304
8.211292399999888 -0.009431551826885903
8.21915519999989 -0.008265561804031717
8.227017999999887 -0.007098757445976858
8.234880799999889 -0.005940419791544959
8.242743599999887 -0.004799519723424391
8.250606399999889 -0.0036845482665456594
8.258469199999887 -0.0026033492913425764
8.266331999999888 -0.0015629581537837584
8.274194799999886 -0.0005694498232936729
8.282057599999888 0.00037220002117373344
8.289920399999886 0.0012582376101054672
8.297783199999888 0.002086234356524125
8.305645999999886 0.0028551680670773683
8.313508799999887 0.0035654798023105677
8.321371599999885 0.004219104597549615
8.329234399999887 0.004819474816822826
8.337097199999885 0.005371495519254627
8.344959999999887 0.00588149185381515
8.352822799999885 0.0063571291460945084
8.360685599999886 0.0068073069811320705
8.368548399999884 0.007242029200206693
8.376411199999886 0.007672252298555696
8.384273999999884 0.008109715217932191
8.392136799999886 0.008566753957451151
8.399999599999884 0.009056104765285
8.407862399999885 0.009590699912465861
8.415725199999883 0.010183460181476712
8.423587999999885 0.010847088223256918
8.431450799999883 0.011593866847013351
8.439313599999885 0.012435466111831156
8.447176399999883 0.013382762794877606
8.455039199999884 0.014445675428605175
8.462901999999882 0.0156330176420125
8.470764799999884 0.016952372024324387
8.478627599999882 0.018409986170455674
8.486490399999884 0.02001069198459723
8.494353199999882 0.02175784872952294
8.502215999999883 0.023653309733028073
8.510078799999881 0.0256974121162023
8.517941599999883 0.027888988406721025
8.525804399999881 0.030225398457222566
8.533667199999883 0.032702579715245754
8.54152999999988 0.035315113594983606
8.549392799999882 0.03805630548759615
8.55725559999988 0.04091827581776208
8.565118399999882 0.043892059508846226
8.57298119999988 0.04696771125339128
8.580843999999882 0.05013441409359368
8.58870679999988 0.05338058898912277
8.596569599999881 0.056694003277194815
8.60443239999988 0.06006187620034175
8.612295199999881 0.06347097997895126
8.62015799999988 0.06690773522554481
8.62802079999988 0.07035829982406601
8.635883599999879 0.07380865071828616
8.64374639999988 0.07724465835877069
8.651609199999879 0.08065215383830722
8.65947199999988 0.08401698899433936
8.667334799999878 0.08732508996783592
8.67519759999988 0.09056250487791927
8.683060399999878 0.09371544639825018
8.69092319999988 0.09677033010497353
8.698785999999878 0.0997138095081133
8.70664879999988 0.10253280868194868
8.714511599999877 0.10521455337874189
8.722374399999879 0.1077466014494413
8.730237199999877 0.1101168733096448
8.738099999999879 0.11231368308517078
8.745962799999877 0.11432577095428546
8.753825599999878 0.11614233707865533
8.761688399999876 0.11775307738700484
8.769551199999878 0.11914822134881291
8.777413999999876 0.12031857175348978
8.785276799999878 0.12125554639635494
8.793139599999876 0.12195122146819891
8.801002399999877 0.12239837635171309
8.808865199999875 0.1225905394460664
8.816727999999877 0.12252203457055234
8.824590799999875 0.12218802743901866
8.832453599999877 0.12158457164805674
8.840316399999875 0.12070865358269833
8.848179199999876 0.11955823561269868
8.856041999999874 0.11813229692942881
8.863904799999876 0.11643087135717071
8.871767599999874 0.11445508146270189
8.879630399999876 0.11220716828309167
8.887493199999874 0.10969051599376657
8.895355999999875 0.10690967084725017
8.903218799999873 0.10387035372834404
8.911081599999875 0.10057946569440962
8.918944399999873 0.09704508590109304
8.926807199999875 0.09327646135498309
8.934669999999873 0.08928398798672876
8.942532799999874 0.08507918260159092
8.950395599999872 0.08067464534049636
8.958258399999874 0.07608401237347338
8.966121199999872 0.0713218986495858
8.973983999999874 0.06640383064251475
8.981846799999872 0.06134616915872527
8.989709599999873 0.05616602241417273
8.997572399999871 0.050881149734852076
9.005435199999873 0.04550985639370636
9.013297999999871 0.040070880259711415
9.021160799999873 0.03458327110100783
9.02902359999987 0.029066263550219275
9.036886399999872 0.023539144902532925
9.04474919999987 0.01802111907265233
9.052611999999872 0.012531168180849943
9.06047479999987 0.007087913367747219
9.068337599999872 0.0017094765474954569
9.07620039999987 -0.0035866551034816198
9.084063199999871 -0.008783760064435776
9.09192599999987 -0.013866006906222441
9.099788799999871 -0.018818570358787198
9.107651599999869 -0.023627737161160338
9.11551439999987 -0.028280999919846953
9.123377199999869 -0.032767137314546634
9.13123999999987 -0.03707627914225572
9.139102799999868 -0.04119995488089946
9.14696559999987 -0.04513112468084641
9.154828399999868 -0.048864191954024805
9.16269119999987 -0.052394997023010065
9.170553999999868 -0.05572079161151464
9.17841679999987 -0.05884019429832211
9.186279599999867 -0.06175312741219791
9.194142399999869 -0.06446073620908131
9.202005199999867 -0.06696529153681863
9.209867999999869 -0.06927007754899873
9.217730799999867 -0.07137926636917151
9.225593599999868 -0.07329778192150843
9.233456399999866 -0.07503115542487418
9.241319199999868 -0.07658537528630893
9.249181999999866 -0.07796673431910874
9.257044799999868 -0.07918167734336294
9.264907599999866 -0.08023665229692233
9.272770399999867 -0.08113796798796563
9.280633199999865 -0.08189166155337214
9.288495999999867 -0.0825033785487199
9.296358799999865 -0.08297826838616958
9.304221599999867 -0.08332089755807161
9.312084399999865 -0.08353518274090453
9.319947199999866 -0.08362434547215405
9.327809999999864 -0.0835908896396888
9.335672799999866 -0.08343660252853513
9.343535599999864 -0.08316257964449851
9.351398399999866 -0.08276927298990787
9.359261199999864 -0.08225656191677345
9.367123999999865 -0.08162384514036153
9.374986799999864 -0.08087015197530381
9.382849599999865 -0.07999427037035794
9.390712399999863 -0.07899488887979754
9.398575199999865 -0.07787074933105435
9.406437999999863 -0.0766208066403981
9.414300799999864 -0.07524439200001154
9.422163599999863 -0.07374137551797004
9.430026399999864 -0.07211232434209354
9.437889199999862 -0.07035865234202615
9.445751999999864 -0.0684827575610899
9.453614799999862 -0.06648814387810884
9.461477599999863 -0.0643795236343746
9.469340399999862 -0.062162898375091015
9.477203199999863 -0.05984561531831297
9.485065999999861 -0.05743639768641875
9.492928799999863 -0.05494534760232651
9.500791599999861 -0.05238392085105843
9.508654399999863 -0.04976487342161112
9.51651719999986 -0.04710218035933436
9.524379999999862 -0.04441092805958114
9.53224279999986 -0.041707181704773603
9.540105599999862 -0.03900783007512191
9.54796839999986 -0.03633041043581069
9.555831199999862 -0.033692916609411226
9.56369399999986 -0.031113593673023042
9.571556799999861 -0.028610722968236517
9.57941959999986 -0.026202401274419904
9.58728239999986 -0.02390631806989127
9.595145199999859 -0.021739534792065925
9.60300799999986 -0.019718269909299938
9.610870799999859 -0.017857693439212712
9.61873359999986 -0.016171734297609788
9.626596399999858 -0.014672903547748525
9.63445919999986 -0.01337213625150523
9.642321999999858 -0.012278654213430147
9.65018479999986 -0.011399851467302909
9.658047599999858 -0.010741203894893917
9.66591039999986 -0.010306203899938565
9.673773199999857 -0.010096320598441306
9.681635999999859 -0.010110985539810019
9.689498799999857 -0.010347603551571247
9.697361599999859 -0.010801587911605943
9.705224399999857 -0.011466418702613917
9.713087199999858 -0.012333722898830687
9.720949999999856 -0.013393374478149023
9.728812799999858 -0.014633612645385572
9.736675599999856 -0.0160411760944443
9.744538399999858 -0.01760145112720378
9.752401199999856 -0.019298631382267797
9.760263999999857 -0.021115886903628603
9.768126799999855 -0.023035540293031308
9.775989599999857 -0.025039247735455336
9.783852399999855 -0.02710818275897018
9.791715199999857 -0.02922322068305249
9.799577999999855 -0.0313651218177574
9.807440799999856 -0.03351471159528831
9.815303599999854 -0.03565305594101316
9.823166399999856 -0.03776163031950219
9.831029199999854 -0.039822481019710934
9.838891999999856 -0.04181837737033765
9.846754799999854 -0.04373295370029302
9.854617599999855 -0.045550839980072415
9.862480399999853 -0.04725778019771741
9.870343199999855 -0.048840737639158235
9.878205999999853 -0.050287986358133654
9.886068799999855 -0.05158918823734947
9.893931599999853 -0.05273545516151003
9.901794399999854 -0.05371939594603574
9.909657199999852 -0.05453514779375782
9.917519999999854 -0.055178392186709266
9.925382799999852 -0.05564635526150337
9.933245599999854 -0.0559377928646408
9.941108399999852 -0.05605296063744282
9.948971199999853 -0.05599356963777675
9.956833999999851 -0.05576272816517207
9.964696799999853 -0.05536487061471445
9.972559599999851 -0.054805674340172916
9.980422399999853 -0.05409196565473011
9.98828519999985 -0.05323161623489206
9.996147999999852 -0.052233431315976755
10.00401079999985 -0.051107031172573245
10.011873599999852 -0.04986272746122386
10.01973639999985 -0.048511396062600645
10.027599199999852 -0.047064348094252986
10.03546199999985 -0.045533200771125104
10.043324799999851 -0.0439297497684801
10.05118759999985 -0.042265844690678095
10.059050399999851 -0.040553269170012
10.06691319999985 -0.03880362701417663
10.07477599999985 -0.037028235691003754
10.082638799999849 -0.03523802828795393
10.09050159999985 -0.033443464914806285
10.098364399999848 -0.031654454335192206
10.10622719999985 -0.02988028642014262
10.114089999999848 -0.028129575819343822
10.12195279999985 -0.026410217047618624
10.129815599999848 -0.024729350989895146
10.13767839999985 -0.02309334264157148
10.145541199999847 -0.02150776972677668
10.153403999999849 -0.019977421677755344
10.161266799999847 -0.01850630831751389
10.169129599999849 -0.017097677467036075
10.176992399999847 -0.015754040599611115
10.184855199999848 -0.014477205588923542
10.192717999999847 -0.013268315545036324
10.200580799999848 -0.012127892702813562
10.208443599999846 -0.011055886319987676
10.216306399999848 -0.010051723555468616
10.224169199999846 -0.009114362330972865
10.232031999999847 -0.008242345228335718
10.239894799999846 -0.007433853538677452
10.247757599999847 -0.006686760655216821
10.255620399999845 -0.005998684086394308
10.263483199999847 -0.005367035457297367
10.271345999999845 -0.004789067962649761
10.279208799999846 -0.0042619208312716945
10.287071599999845 -0.003782660457734226
10.294934399999846 -0.00334831794980178
10.302797199999844 -0.002955922928478229
10.310659999999846 -0.0026025334995079725
10.318522799999844 -0.0022852623899223138
10.326385599999846 -0.002001299309748984
10.334248399999844 -0.001747929656802925
10.342111199999845 -0.001522549731221484
10.349973999999843 -0.0013226786661092423
10.357836799999845 -0.0011459673114814445
10.365699599999843 -0.0009902043310677012
10.373562399999845 -0.000853319785987242
10.381425199999843 -0.0007333864865409684
10.389287999999844 -0.000628619394135196
10.397150799999842 -0.0005373733505090274
10.405013599999844 -0.00045813940182502387
10.412876399999842 -0.0003895399716777964
10.420739199999844 -0.00033032312050322924
10.428601999999842 -0.0002793561100407774
10.436464799999843 -0.00023561847114181322
10.444327599999841 -0.00019819475200682753
10.452190399999843 -0.00016626710245812022
10.460053199999841 -0.00013910782862928403
10.467915999999843 -0.00011607203189953669
10.47577879999984 -9.659042636934137e-05
10.483641599999842 -8.016241092565435e-05
10.49150439999984 -6.634945517662325e-05
10.499367199999842 -5.4768843369304604e-05
10.50722999999984 -4.50878069087444e-05
10.515092799999842 -3.7018064285231866e-05
10.52295559999984 -3.031077706203121e-05
10.530818399999841 -2.475192201325333e-05
10.53868119999984 -2.015807244084993e-05
10.546543999999841 -1.6372576028522927e-05
10.554406799999839 -1.326211218429095e-05
10.56226959999984 -1.0713608548618775e-05
10.570132399999839 -8.63149406575696e-06
10.57799519999984 -6.935264596650547e-06
10.585857999999838 -5.557336362257737e-06
10.59372079999984 -4.44116242251218e-06
10.601583599999838 -3.5395878042458363e-06
10.60944639999984 -2.8134196867353064e-06
10.617309199999838 -2.2301901431835992e-06
10.62517199999984 -1.763090238439236e-06
10.633034799999837 -1.390055727134564e-06
10.640897599999839 -1.0929861223640546e-06
10.648760399999837 -8.570804635778973e-07
10.656623199999839 -6.70274663368338e-07
10.664485999999837 -5.227668247420251e-07
10.672348799999838 -4.066183692401182e-07
10.680211599999836 -3.15420184496387e-07
10.688074399999838 -2.4401427570382956e-07
10.695937199999836 -1.882625819658717e-07
10.703799999999838 -1.4485569246386762e-07
