3.27041232 -2.5371609349525997e-159
3.2797257075600004 -1.3485868334075763e-158
3.2890390951200006 -7.1405186076155194e-158
3.298352482680001 -3.7661754225304716e-157
3.307665870240001 -1.9787516639546776e-156
3.3169792578000012 -1.035623766036891e-155
3.3262926453600015 -5.399240824224146e-155
3.3356060329200017 -2.8040346303748812e-154
3.344919420480002 -1.4506212607099587e-153
3.354232808040002 -7.475576714666818e-153
3.3635461956000023 -3.837561718288019e-152
3.3728595831600026 -1.9623933213458886e-151
3.382172970720003 -9.996242000570777e-151
3.391486358280003 -5.072329910265112e-150
3.400799745840003 -2.5638833237405684e-149
3.4101131334000034 -1.29094893031233e-148
3.4194265209600037 -6.475002076736824e-148
3.428739908520004 -3.2351231205509426e-147
3.438053296080004 -1.6101330768121845e-146
3.4473666836400043 -7.982754848948574e-146
3.4566800712000045 -3.942428992861099e-145
3.4659934587600048 -1.9395234721024222e-144
3.475306846320005 -9.504872078805382e-144
3.484620233880005 -4.639995868579858e-143
3.4939336214400054 -2.2563631410025863e-142
3.5032470090000056 -1.0930008221405782e-141
3.512560396560006 -5.274145096480663e-141
3.521873784120006 -2.535150547779115e-140
3.5311871716800063 -1.2138793835754565e-139
3.5405005592400065 -5.789851419970779e-139
3.5498139468000067 -2.750929166421322e-138
3.559127334360007 -1.302001561056656e-137
3.568440721920007 -6.138520526708134e-137
3.5777541094800074 -2.8829428452297017e-136
3.5870674970400076 -1.3487407125849098e-135
3.596380884600008 -6.285517183851275e-135
3.605694272160008 -2.9179220552730893e-134
3.6150076597200083 -1.349355781842495e-133
3.6243210472800085 -6.215833632345502e-133
3.6336344348400087 -2.8522816674865754e-132
3.642947822400009 -1.3037837406190028e-131
3.652261209960009 -5.936614283819217e-131
3.6615745975200094 -2.6927263905221436e-130
3.6708879850800096 -1.2166502307380292e-129
3.68020137264001 -5.475948822867633e-129
3.68951476020001 -2.4551223492117487e-128
3.6988281477600102 -1.0964959183841417e-127
3.7081415353200105 -4.8782159142035886e-127
3.7174549228800107 -2.1618976847189176e-126
3.726768310440011 -9.543976719282138e-126
3.736081698000011 -4.1970459277967794e-125
3.7453950855600113 -1.8385616022304184e-124
3.7547084731200115 -8.022925539707518e-124
3.7640218606800118 -3.4874456395182096e-123
3.773335248240012 -1.5100879392388478e-122
3.782648635800012 -6.513540763233618e-122
3.7919620233600124 -2.7986728402507597e-121
3.8012754109200126 -1.1978632171344229e-120
3.810588798480013 -5.1071947637757094e-120
3.819902186040013 -2.169090649461335e-119
3.8292155736000133 -9.176838140824472e-119
3.8385289611600135 -3.867483992059308e-118
3.8478423487200137 -1.6236187459976344e-117
3.857155736280014 -6.789841929240975e-117
3.866469123840014 -2.8284945133964915e-116
3.8757825114000144 -1.1737377766116044e-115
3.8850958989600146 -4.851844621239761e-115
3.894409286520015 -1.9978493676575484e-114
3.903722674080015 -8.19480541278674e-114
3.9130360616400153 -3.3483788785492475e-113
3.9223494492000155 -1.362857908965113e-112
3.9316628367600157 -5.525690990776973e-112
3.940976224320016 -2.23173505063107e-111
3.950289611880016 -8.978808136120411e-111
3.9596029994400164 -3.5984440860461597e-110
3.9689163870000166 -1.436583352262129e-109
3.978229774560017 -5.7130351409447615e-109
3.987543162120017 -2.263200077803806e-108
3.9968565496800172 -8.930977253760834e-108
4.006169937240017 -3.5107102632753185e-107
4.015483324800018 -1.3747095757612416e-106
4.024796712360018 -5.362247820868425e-106
4.034110099920018 -2.0835443571383877e-105
4.043423487480018 -8.064520618009322e-105
4.052736875040019 -3.1093834999282795e-104
4.062050262600019 -1.1942353990269093e-103
4.071363650160019 -4.569045663203583e-103
4.080677037720019 -1.7413294865698326e-102
4.089990425280019 -6.61083468413683e-102
4.09930381284002 -2.5000662439738536e-101
4.10861720040002 -9.418171645204378e-101
4.11793058796002 -3.5342847798502097e-100
4.12724397552002 -1.3211627575056592e-99
4.136557363080021 -4.919612955042608e-99
4.145870750640021 -1.824842427182153e-98
4.1551841382000205 -6.742789627413329e-98
4.164497525760021 -2.481839231217159e-97
4.173810913320022 -9.099708129826901e-97
4.183124300880022 -3.323541065226407e-96
4.192437688440021 -1.209189567824243e-95
4.201751076000022 -4.3823542043980084e-95
4.211064463560023 -1.5821231674184894e-94
4.2203778511200225 -5.689745200569713e-94
4.229691238680022 -2.038285647933038e-93
4.239004626240023 -7.273726390235665e-93
4.248318013800024 -2.585642903082925e-92
4.257631401360023 -9.15587354240459e-92
4.266944788920023 -3.2296143515877814e-91
4.276258176480024 -1.1348048188271416e-90
4.2855715640400245 -3.972018702596848e-90
4.294884951600024 -1.3849082113517332e-89
4.304198339160024 -4.810057536629438e-89
4.313511726720025 -1.6641754499351737e-88
4.322825114280025 -5.735449920406945e-88
4.332138501840025 -1.9690438915640583e-87
4.341451889400025 -6.733840233213885e-87
4.350765276960026 -2.293980422841015e-86
4.360078664520026 -7.78459595044897e-86
4.369392052080026 -2.6314910399597666e-85
4.378705439640026 -8.861089989648876e-85
4.3880188272000265 -2.9722943168123236e-84
4.397332214760027 -9.931523348046758e-84
4.406645602320027 -3.305668486509939e-83
4.415958989880027 -1.0960290869441852e-82
4.425272377440027 -3.619963519542279e-82
4.434585765000028 -1.190983154935852e-81
4.443899152560028 -3.9032496870745866e-81
4.4532125401200275 -1.2742842524573726e-80
4.462525927680028 -4.144055324105118e-80
4.471839315240029 -1.3424681686473009e-79
4.481152702800029 -4.332131690450127e-79
4.490466090360028 -1.392574637214642e-78
4.499779477920029 -4.459174489276197e-78
4.50909286548003 -1.4223601728853187e-77
4.5184062530400295 -4.5194314801555e-77
4.527719640600029 -1.430464590194746e-76
4.53703302816003 -4.5101343024130544e-76
4.546346415720031 -1.4165139940007337e-75
4.55565980328003 -4.431709360275038e-75
4.56497319084003 -1.3811493802233452e-74
4.574286578400031 -4.287745394774612e-74
4.5835999659600315 -1.3259777996924189e-73
4.592913353520031 -4.0847211774926107e-73
4.602226741080031 -1.2534512675715287e-72
4.611540128640032 -3.831522105876692e-72
4.620853516200032 -1.1666861269512943e-71
4.630166903760032 -3.5387959336122362e-71
4.639480291320032 -1.0692413951548034e-70
4.648793678880033 -3.218212646548887e-70
4.658107066440033 -9.648780110534803e-70
4.667420454000033 -2.8816998882774834e-69
4.676733841560033 -8.573215245367027e-69
4.6860472291200335 -2.5407229561449286e-68
4.695360616680034 -7.500487124400352e-68
4.704674004240034 -2.205668140845515e-67
4.713987391800034 -6.461143397733132e-67
4.723300779360034 -1.8853720545507125e-66
4.732614166920035 -5.480285623521079e-66
4.741927554480035 -1.5868202365198735e-65
4.7512409420400346 -4.576891747187393e-65
4.760554329600035 -1.3150185812441933e-64
4.769867717160036 -3.7636691680258785e-64
4.779181104720036 -1.073023565793631e-63
4.788494492280035 -3.047370851071734e-63
4.797807879840036 -8.621037838428131e-63
4.807121267400037 -2.429472284047924e-62
4.8164346549600365 -6.819969993530034e-62
4.825748042520036 -1.9070894225378726e-61
4.835061430080037 -5.312240031675615e-61
4.844374817640038 -1.4740164239796686e-60
4.853688205200037 -4.074224106462415e-60
4.863001592760037 -1.1217741391436912e-59
4.872314980320038 -3.076690496967712e-59
4.8816283678800385 -8.405818938281584e-59
4.890941755440038 -2.287673512891601e-58
4.900255143000038 -6.201914936464607e-58
4.909568530560039 -1.6748475081177824e-57
4.918881918120039 -4.505493814361372e-57
4.928195305680039 -1.2073331886012022e-56
4.937508693240039 -3.2227710216326635e-56
4.94682208080004 -8.569377670841253e-56
4.95613546836004 -2.2697947805103746e-55
4.96544885592004 -5.988820971443864e-55
4.97476224348004 -1.5740316033557794e-54
4.9840756310400405 -4.121002668974625e-54
4.993389018600041 -1.0747553721470978e-53
5.002702406160041 -2.792116813268842e-53
5.012015793720041 -7.225613415965643e-53
5.021329181280041 -1.8626574253743716e-52
5.030642568840042 -4.783087530026082e-52
5.039955956400042 -1.2234907498511663e-51
5.049269343960042 -3.1175255332330454e-51
5.058582731520042 -7.912910621415034e-51
5.067896119080043 -2.0006879571093073e-50
5.077209506640043 -5.038940795835833e-50
5.086522894200042 -1.2642003209292652e-49
5.095836281760043 -3.159433519591036e-49
5.105149669320044 -7.865370270880039e-49
5.1144630568800435 -1.9504988076325662e-48
5.123776444440043 -4.8182431347203605e-48
5.133089832000044 -1.1856272629426123e-47
5.142403219560045 -2.9061901359714804e-47
5.151716607120044 -7.09604220149727e-47
5.161029994680044 -1.7259356872573103e-46
5.170343382240045 -4.181664794913525e-46
5.1796567698000455 -1.0092295239690388e-45
5.188970157360045 -2.426312483531398e-45
5.198283544920045 -5.810580281530721e-45
5.207596932480046 -1.3861435155193562e-44
5.216910320040046 -3.293917652500319e-44
5.226223707600046 -7.797099115636067e-44
5.235537095160046 -1.8385230426263453e-43
5.244850482720047 -4.318378765358636e-43
5.254163870280047 -1.0103874509544698e-42
5.263477257840047 -2.354890066962059e-42
5.272790645400047 -5.467247538706468e-42
5.2821040329600475 -1.2643932413808835e-41
5.291417420520048 -2.9128011872065335e-41
5.300730808080048 -6.684280853827766e-41
5.310044195640048 -1.527965765427666e-40
5.319357583200048 -3.47926544538097e-40
5.328670970760049 -7.891806455628519e-40
5.337984358320049 -1.7831181661413063e-39
5.347297745880049 -4.01327180499078e-39
5.356611133440049 -8.99770367917336e-39
5.36592452100005 -2.009460034476487e-38
5.37523790856005 -4.470350169932932e-38
5.3845512961200495 -9.906451233618023e-38
5.39386468368005 -2.1867995078168213e-37
5.403178071240051 -4.808548860756423e-37
5.412491458800051 -1.0532542194087616e-36
5.42180484636005 -2.298086611874126e-36
5.431118233920051 -4.994746938696234e-36
5.440431621480052 -1.0813701996287948e-35
5.449745009040051 -2.332109905782529e-35
5.459058396600051 -5.009994337874549e-35
5.468371784160052 -1.072109034512011e-34
5.4776851717200525 -2.2853570889079792e-34
5.486998559280052 -4.8526890607085605e-34
5.496311946840052 -1.0264174641451036e-33
5.505625334400053 -2.1626122612575006e-33
5.514938721960053 -4.5388542242727374e-33
5.524252109520053 -9.489135266438873e-33
5.533565497080053 -1.9761492937339466e-32
5.542878884640054 -4.0994487037975085e-32
5.552192272200054 -8.47117454677983e-32
5.561505659760054 -1.743709561878783e-31
5.570819047320054 -3.575336201934817e-31
5.5801324348800545 -7.302502493009262e-31
5.589445822440055 -1.4857252396375771e-30
5.598759210000055 -3.0110440959730027e-30
5.608072597560055 -6.078653978154181e-30
5.617385985120055 -1.222388579477456e-29
5.626699372680056 -2.4486265854481692e-29
5.636012760240056 -4.885928534971926e-29
5.645326147800056 -9.711421166042236e-29
5.654639535360056 -1.922779350689996e-28
5.663952922920057 -3.7921625239248967e-28
5.673266310480057 -7.449980130008726e-28
5.6825796980400565 -1.4579203966270961e-27
5.691893085600057 -2.841992167308877e-27
5.701206473160058 -5.518513995219044e-27
5.710519860720058 -1.0674104822986772e-26
5.719833248280057 -2.0566039030588119e-26
5.729146635840058 -3.947112963921939e-26
5.738460023400059 -7.546020685382109e-26
5.7477734109600584 -1.4370298413050332e-25
5.757086798520058 -2.7259806153055692e-25
5.766400186080059 -5.150966655826289e-25
5.7757135736400596 -9.695350795063383e-25
5.785026961200059 -1.8178035211745084e-24
5.794340348760059 -3.39499223457103e-24
5.80365373632006 -6.315952654067235e-24
5.81296712388006 -1.1704341423379795e-23
5.82228051144006 -2.1605430786023096e-23
5.83159389900006 -3.9727066952793175e-23
5.840907286560061 -7.27641544485617e-23
5.850220674120061 -1.327564615476292e-22
5.859534061680061 -2.4126861221707567e-22
5.868847449240061 -4.367699349028724e-22
5.8781608368000615 -7.876099047885546e-22
5.887474224360062 -1.4147375861868289e-21
5.896787611920062 -2.5313177598156523e-21
5.906100999480062 -4.511523761490552e-21
5.915414387040062 -8.00949975882782e-21
5.924727774600063 -1.4164225878687454e-20
5.934041162160063 -2.4950849959404942e-20
5.943354549720063 -4.3780692953071545e-20
5.952667937280063 -7.652166915896571e-20
5.961981324840064 -1.3322645753608806e-19
5.971294712400064 -2.3104708168593543e-19
5.9806080999600635 -3.9912981390789715e-19
5.989921487520064 -6.868014987785532e-19
5.999234875080065 -1.17720305990363e-18
6.008548262640065 -2.0098993433409543e-18
6.017861650200064 -3.4182175537538895e-18
6.027175037760065 -5.790648968630303e-18
6.036488425320066 -9.771395633253716e-18
6.0458018128800655 -1.6424321743177736e-17
6.055115200440065 -2.7499160544219503e-17
6.064428588000066 -4.586191937108418e-17
6.073741975560067 -7.618780424544402e-17
6.083055363120066 -1.2607203525868181e-16
6.092368750680066 -2.0780298093979014e-16
6.101682138240067 -3.4118042269324797e-16
6.110995525800067 -5.57975797885062e-16
6.120308913360067 -9.089607906685258e-16
6.129622300920067 -1.474935593782049e-15
6.138935688480068 -2.3839583401002596e-15
6.148249076040068 -3.838146397549846e-15
6.157562463600068 -6.155186804216115e-15
6.166875851160068 -9.83234969279003e-15
6.1761892387200685 -1.5644774489325363e-14
6.185502626280069 -2.4795720783750898e-14
6.194816013840069 -3.914525431172146e-14
6.204129401400069 -6.155678834453594e-14
6.213442788960069 -9.641991122529179e-14
6.22275617652007 -1.5043570177432095e-13
6.23206956408007 -2.3379110336068557e-13
6.24138295164007 -3.6190731906430025e-13
6.25069633920007 -5.58031229532477e-13
6.260009726760071 -8.570591797789416e-13
6.269323114320071 -1.3111539435853815e-12
6.2786365018800705 -1.997958721463197e-12
6.287949889440071 -3.032554775287723e-12
6.297263277000072 -4.584790140395899e-12
6.306576664560072 -6.904277888911312e-12
6.315890052120071 -1.0356293928675793e-11
6.325203439680072 -1.5473090516897274e-11
6.334516827240073 -2.3026908012158455e-11
6.3438302148000725 -3.4133379886273964e-11
6.353143602360072 -5.039730283598674e-11
6.362456989920073 -7.411716972585552e-11
6.371770377480074 -1.085708070911209e-10
6.381083765040073 -1.584123958110292e-10
6.390397152600073 -2.3022168955885668e-10
6.399710540160074 -3.332601487866951e-10
6.4090239277200745 -4.805069434654271e-10
6.418337315280074 -6.900715481560765e-10
6.427650702840074 -9.871104433397093e-10
6.436964090400075 -1.4064150640741128e-09
6.446277477960075 -1.9958888014125547e-09
6.455590865520075 -2.8211952003004397e-09
6.464904253080075 -3.971940632933926e-09
6.4742176406400755 -5.5698563115456175e-09
6.483531028200076 -7.779570752147689e-09
6.492844415760076 -1.0822719493997007e-08
6.502157803320076 -1.4996329351815842e-08
6.511471190880076 -2.0696645551108182e-08
6.520784578440077 -2.8449847964721565e-08
6.530097966000077 -3.895143370743447e-08
6.539411353560077 -5.31164338363276e-08
6.548724741120077 -7.214308764923745e-08
6.558038128680078 -9.759312388011422e-08
6.567351516240078 -1.314923971164374e-07
6.5766649038000775 -1.7645630069866568e-07
6.585978291360078 -2.3584512143439123e-07
6.595291678920079 -3.1395530927502743e-07
6.604605066480079 -4.162534933065028e-07
6.613918454040078 -5.496609632033638e-07
6.623231841600079 -7.22897222862468e-07
6.63254522916008 -9.468920697691412e-07
6.6418586167200795 -1.2352764069730615e-06
6.651172004280079 -1.6049625878304739e-06
6.66048539184008 -2.0768254454359154e-06
6.669798779400081 -2.6764951717807806e-06
6.67911216696008 -3.4352727732341146e-06
6.68842555452008 -4.39117781104044e-06
6.697738942080081 -5.59013639712984e-06
6.7070523296400815 -7.087314805634669e-06
6.716365717200081 -8.948600422867202e-06
6.725679104760081 -1.1252226938109355e-05
6.734992492320082 -1.4090534528923774e-05
6.744305879880082 -1.757184819212179e-05
6.753619267440082 -2.182244822123427e-05
6.762932655000082 -2.6988596085246145e-05
6.772246042560083 -3.3238566634272695e-05
6.781559430120083 -4.07646237354272e-05
6.790872817680083 -4.97848613089345e-05
6.800186205240083 -6.054481558143089e-05
6.809499592800083 -7.331873761286433e-05
6.818812980360084 -8.841039832996519e-05
6.828126367920084 -0.00010615328209509494
6.837439755480084 -0.0001269100100742219
6.846753143040084 -0.00015107082229182957
6.856066530600085 -0.0001790509383379187
6.865379918160085 -0.00021128661237561737
6.8746933057200845 -0.0002482296995926775
6.884006693280085 -0.0002903405597581597
6.893320080840086 -0.0003380791402488581
6.902633468400086 -0.00039189410684518873
6.911946855960085 -0.0004522099266226091
6.921260243520086 -0.000519411853977216
6.930573631080087 -0.0005938288284759936
6.9398870186400865 -0.0006757143616492758
6.949200406200086 -0.0007652255683974848
6.958513793760087 -0.0008624005861796638
6.967827181320088 -0.0009671347198258669
6.977140568880087 -0.0010791557493167168
6.986453956440087 -0.001197998939270856
6.995767344000088 -0.0013229823887078006
7.0050807315600885 -0.0014531834539801224
7.014394119120088 -0.001587417062307998
7.023707506680088 -0.001724216803594327
7.033020894240089 -0.0018618197395878441
7.042334281800089 -0.0019981558975646634
7.051647669360089 -0.002130843416418912
7.060961056920089 -0.0022571902828376037
7.07027444448009 -0.002374203531280553
7.07958783204009 -0.002478606681931175
7.08890121960009 -0.002566866054877401
7.09821460716009 -0.0026352264270161447
7.1075279947200904 -0.0026797562923782533
7.116841382280091 -0.0026964027499469015
7.126154769840091 -0.0026810557801558404
7.135468157400091 -0.002629621387961112
7.144781544960091 -0.002538102793701962
7.154094932520092 -0.002402688550912545
7.163408320080092 -0.0022198461715902994
7.1727217076400915 -0.0019864195534542565
7.182035095200092 -0.0016997282399481442
7.191348482760093 -0.00135766631160416
7.200661870320093 -0.0009587985159668941
7.209975257880092 -0.0005024511010202323
7.219288645440093 1.1205268512238562e-05
7.228602033000094 0.0005810831551359281
7.2379154205600935 0.0012051191503986544
7.247228808120093 0.001880230314981235
7.256542195680094 0.0026022885469437944
7.265855583240095 0.003366114903968011
7.275168970800094 0.004165495569669184
7.284482358360094 0.00499322075019043
7.293795745920095 0.005841147320861517
7.3031091334800955 0.006700285521123216
7.312422521040095 0.007560909428459692
7.321735908600095 0.008412690339828792
7.331049296160096 0.009244851564835253
7.340362683720096 0.010046342503045638
7.349676071280096 0.010806029254195408
7.358989458840096 0.011512898411560273
7.368302846400097 0.01215627013328842
7.377616233960097 0.012726016092322021
7.386929621520097 0.013212777490980153
7.396243009080097 0.013608178009095605
7.4055563966400975 0.013905026351396904
7.414869784200098 0.014097502985374199
7.424183171760098 0.014181325727400626
7.433496559320098 0.01415388905140569
7.442809946880098 0.014014372366025965
7.452123334440099 0.013763813033517758
7.461436722000099 0.013405140582480362
7.4707501095600986 0.01294316938701282
7.480063497120099 0.012384548032321144
7.4893768846801 0.011737664640710488
7.4986902722401 0.011012508567060751
7.508003659800099 0.0102204900595943
7.5173170473601 0.009374220686665406
7.526630434920101 0.008487258517452908
7.5359438224801005 0.007573823176366874
7.5452572100401 0.006648486930039778
7.554570597600101 0.005725848875484554
7.563883985160102 0.004820200044423274
7.573197372720101 0.003945187791837402
7.582510760280101 0.0031134881714394488
7.591824147840102 0.0023364950980984886
7.6011375354001025 0.0016240349452936727
7.610450922960102 0.0009841148199829356
7.619764310520102 0.000422712101281982
7.629077698080103 -5.6388065607299205e-05
7.638391085640103 -0.00045170174365110846
7.647704473200103 -0.0007640973783531546
7.657017860760103 -0.0009967863734779356
7.666331248320104 -0.0011552518610137095
7.675644635880104 -0.0012471161292032763
7.684958023440104 -0.0012819488762726276
7.694271411000104 -0.0012710201456066655
7.7035847985601045 -0.0012270034212470418
7.712898186120105 -0.0011636358720062843
7.722211573680105 -0.0010953440814596555
7.731524961240105 -0.0010368447461518088
7.740838348800105 -0.0010027307267009664
7.750151736360106 -0.0010070534630803561
7.759465123920106 -0.0010629130901341742
7.768778511480106 -0.001182067594222292
7.778091899040106 -0.0013745720274606335
7.787405286600107 -0.0016484581424795822
7.796718674160107 -0.0020094638380144083
7.806032061720106 -0.002460820534125111
7.815345449280107 -0.0030031050555670044
7.824658836840108 -0.003634160832516991
7.8339722244001075 -0.004349091278018832
7.843285611960107 -0.005140326127328108
7.852598999520108 -0.0059977593881920845
7.861912387080109 -0.0069089554197507615
7.871225774640108 -0.007859417600235364
7.880539162200108 -0.008832912128968126
7.889852549760109 -0.009811837802813101
7.8991659373201095 -0.010777631172616252
7.908479324880109 -0.01171119537519133
7.917792712440109 -0.012593340195092345
7.92710610000011 -0.013405220569911924
7.93641948756011 -0.014128760831764552
7.94573287512011 -0.014747052479854226
7.95504626268011 -0.015244714193172899
7.964359650240111 -0.015608204091704698
7.973673037800111 -0.01582607589761624
7.982986425360111 -0.01588917257997346
7.992299812920111 -0.015790753221150023
8.001613200480111 -0.015526551144684519
8.010926588040112 -0.015094763710878381
8.020239975600113 -0.014495976532542042
8.029553363160112 -0.013733027103548068
8.038866750720112 -0.01281081488498705
8.048180138280113 -0.011736066681873452
8.057493525840112 -0.010517067600917323
8.066806913400113 -0.009163368952144259
8.076120300960113 -0.007685485103300726
8.085433688520114 -0.006094591490693825
8.094747076080115 -0.004402235724509385
8.104060463640113 -0.002620073008554193
8.113373851200114 -0.0007596359481093143
8.122687238760115 0.0011678527149267667
8.132000626320114 0.0031516177691209455
8.141314013880114 0.00518141506878185
8.150627401440115 0.00724755873121587
8.159940789000116 0.00934089222507127
8.169254176560116 0.01145270603315307
8.178567564120115 0.013574606956128941
8.187880951680116 0.015698346346348466
8.197194339240117 0.017815616538801777
8.206507726800115 0.01991782640136648
8.215821114360116 0.02199586819089101
8.225134501920117 0.024039888719520567
8.234447889480117 0.02603907816539827
8.243761277040118 0.027981489677871393
8.253074664600117 0.029853902221451394
8.262388052160118 0.03164173788501945
8.271701439720118 0.033329043181733714
8.281014827280117 0.03489854172770986
8.290328214840118 0.03633176317812008
8.299641602400119 0.03760925049820295
8.30895498996012 0.0387108446478417
8.31826837752012 0.03961604266685597
8.327581765080119 0.04030442207661954
8.33689515264012 0.04075612157837337
8.34620854020012 0.04095236534541442
8.355521927760119 0.04087601588585992
8.36483531532012 0.04051213859582456
8.37414870288012 0.039848559816330585
8.383462090440121 0.038876399519431525
8.392775478000122 0.03759055972625056
8.40208886556012 0.035990150423489804
8.411402253120121 0.03407883609034528
8.420715640680122 0.031865087942115566
8.43002902824012 0.029362329580517526
8.439342415800121 0.026588966828962272
8.448655803360122 0.023568296016515087
8.457969190920123 0.020328288731402782
8.467282578480123 0.016901254955054724
8.476595966040122 0.01332339036464241
8.485909353600123 0.00963421730890805
8.495222741160124 0.005875932377278677
8.504536128720122 0.0020926764662779537
8.513849516280123 -0.00167025431150887
8.523162903840124 -0.005367236720976328
8.532476291400124 -0.008953166229277675
8.541789678960125 -0.012384298899733935
8.551103066520124 -0.015619068028905635
8.560416454080125 -0.018618855234882204
8.569729841640125 -0.021348697379139338
8.579043229200124 -0.023777912936031566
8.588356616760125 -0.02588063410940153
8.597670004320126 -0.027636234016045143
8.606983391880126 -0.029029641482828352
8.616296779440127 -0.030051539307374475
8.625610167000126 -0.030698445084518595
8.634923554560126 -0.03097267678484274
8.644236942120127 -0.03088220808522968
8.653550329680126 -0.030440420911285394
8.662863717240127 -0.029665764696553645
8.672177104800127 -0.02858133345631082
8.681490492360128 -0.027214372900928874
8.690803879920129 -0.025595730484709815
8.700117267480127 -0.02375926153051688
8.709430655040128 -0.021741204435277727
8.718744042600129 -0.01957953750616763
8.728057430160128 -0.017313329269747605
8.737370817720128 -0.014982093207627748
8.746684205280129 -0.012625156871928033
8.75599759284013 -0.010281054285776603
8.76531098040013 -0.007986949492886088
8.77462436796013 -0.0057780981283024075
8.78393775552013 -0.003687352968488776
8.79325114308013 -0.0017447185973814626
8.80256453064013 2.3040403564821673e-05
8.81187791820013 0.0015927339808271912
8.82119130576013 0.0029450206775632737
8.830504693320131 0.004064618631529996
8.839818080880132 0.004940451448434496
8.849131468440131 0.005565727492413946
8.858444856000132 0.005937951795094418
8.867758243560132 0.006058870531562437
8.877071631120131 0.0059343488593522386
8.886385018680132 0.005574183868071449
8.895698406240133 0.004991855433631477
8.905011793800133 0.004204218891394477
8.914325181360134 0.003231144605107182
8.923638568920133 0.0020951106721896076
8.932951956480133 0.000820756122879877
8.942265344040134 -0.0005655970108360762
8.951578731600133 -0.0020364435129422735
8.960892119160134 -0.003563606776646838
8.970205506720134 -0.0051187522377007496
8.979518894280135 -0.0066738919649519494
8.988832281840136 -0.008201870077025806
8.998145669400134 -0.009676819113482558
9.007459056960135 -0.011074578250182071
9.016772444520136 -0.012373065291575792
9.026085832080135 -0.013552595663230483
9.035399219640135 -0.014596143119879201
9.044712607200136 -0.015489538521765175
9.054025994760137 -0.016221604752122754
9.063339382320137 -0.016784227584809637
9.072652769880136 -0.01717236399672539
9.081966157440137 -0.017383990991310813
9.091279545000138 -0.017419999400229636
9.100592932560136 -0.017284038312692603
9.109906320120137 -0.01698231670973483
9.119219707680138 -0.016523369531154724
9.128533095240138 -0.015917795766702488
9.13784648280014 -0.015177976245316504
9.147159870360138 -0.014317778614724235
9.156473257920139 -0.01335225658819925
9.16578664548014 -0.012297349924939641
9.175100033040138 -0.011169590851680056
9.184413420600139 -0.00998582177626408
9.19372680816014 -0.008762928240648928
9.20304019572014 -0.007517590161094245
9.21235358328014 -0.0062660535525101545
9.22166697084014 -0.005023924170536375
9.23098035840014 -0.003805983858514642
9.240293745960141 -0.0026260298765041074
9.24960713352014 -0.0014967371243553764
9.25892052108014 -0.0004295429481915697
9.268233908640141 0.0005654458733392984
9.277547296200142 0.0014795243518241738
9.286860683760143 0.002305439016112831
9.296174071320142 0.003037416301016219
9.305487458880142 0.0036711696098777865
9.314800846440143 0.0042038849477160104
9.324114234000142 0.0046341849702969925
9.333427621560142 0.004962071336712981
9.342741009120143 0.005188845411009003
9.352054396680144 0.00531700764530423
9.361367784240144 0.005350136395670895
9.370681171800143 0.0052927474649100414
9.379994559360144 0.005150136314615404
9.389307946920145 0.004928205613739888
9.398621334480143 0.0046332815546523045
9.407934722040144 0.00427192312586854
9.417248109600145 0.0038507292342099047
9.426561497160145 0.003376149167257435
9.435874884720146 0.002854302330031304
9.445188272280145 0.0022908134324701873
9.454501659840146 0.0016906693083723226
9.463815047400146 0.0010581032837317314
9.473128434960145 0.00039651246674099304
9.482441822520146 -0.00029158749910949413
9.491755210080147 -0.0010045667808165762
9.501068597640147 -0.0017416427107266562
9.510381985200148 -0.002502797611277736
9.519695372760147 -0.0032886542477598042
9.529008760320147 -0.004100311844399389
9.538322147880148 -0.004939147380757619
9.547635535440147 -0.005806588591239524
9.556948923000148 -0.006703866638682631
9.566262310560148 -0.00763175774443016
9.575575698120149 -0.008590324059542992
9.58488908568015 -0.009578664692890012
9.594202473240149 -0.010594688023807317
9.60351586080015 -0.011634916188717818
9.61282924836015 -0.012694331930519921
9.622142635920149 -0.01376627684507548
9.63145602348015 -0.014842408479885811
9.64076941104015 -0.015912721785379218
9.65008279860015 -0.016965638157017838
9.659396186160151 -0.017988162820520875
9.66870957372015 -0.018966108699396786
9.678022961280151 -0.01988438226866713
9.687336348840152 -0.020727324350085955
9.69664973640015 -0.021479096450321308
9.705963123960151 -0.022124101186564132
9.715276511520152 -0.0226474236753816
9.724589899080152 -0.023035279556879437
9.733903286640153 -0.02327545464529108
9.743216674200152 -0.023357721075421316
9.752530061760153 -0.02327421526501163
9.761843449320153 -0.02301976402500835
9.771156836880152 -0.022592146688043498
9.780470224440153 -0.02199228313298029
9.789783612000154 -0.02122433998311151
9.799096999560154 -0.020295749954117055
9.808410387120155 -0.019217142219620356
9.817723774680154 -0.018002184634124663
9.827037162240154 -0.016667341589916333
9.836350549800155 -0.015231554073622856
9.845663937360154 -0.013715851024610917
9.854977324920155 -0.012142903288629997
9.864290712480155 -0.01053653322932877
9.873604100040156 -0.008921194349762336
9.882917487600157 -0.007321436049046668
9.892230875160156 -0.005761368881048864
9.901544262720156 -0.0042641453994323765
9.910857650280157 -0.0028514708941411895
9.920171037840156 -0.0015431570946740926
9.929484425400156 -0.0003567302971633163
9.938797812960157 0.0006928965606686789
9.948111200520158 0.0015936805178388186
9.957424588080158 0.0023366288538958055
9.966737975640157 0.0029159003204763437
9.976051363200158 0.003328827009022656
9.985364750760159 0.003575858768875158
9.994678138320158 0.003660434168806143
10.003991525880158 0.0035887838517938203
10.013304913440159 0.003369673725106043
10.02261830100016 0.0030140967264364947
10.03193168856016 0.0025349228957637715
10.041245076120159 0.0019465181576963073
10.05055846368016 0.0012643425868749118
10.05987185124016 0.000504539004934834
10.06918523880016 -0.0003164774361826754
10.07849862636016 -0.0011824184660883378
10.08781201392016 -0.0020775011335436113
10.097125401480161 -0.0029867967312166253
10.106438789040162 -0.0038965424509971908
10.11575217660016 -0.004794409117126115
10.125065564160161 -0.005669719542779599
10.134378951720162 -0.006513613323524934
10.143692339280161 -0.007319155195163252
10.153005726840162 -0.008081385422455557
10.162319114400162 -0.008797312028764928
10.171632501960163 -0.009465846004824745
10.180945889520164 -0.01008768192754633
10.190259277080163 -0.01066512765625199
10.199572664640163 -0.011201887932229615
10.208886052200164 -0.011702807765385216
10.218199439760163 -0.012173582425699853
10.227512827320163 -0.012620441643766684
10.236826214880164 -0.013049816241279457
10.246139602440165 -0.013467995838169324
10.255452990000165 -0.013880786500346758
10.264766377560164 -0.01429317718714295
10.274079765120165 -0.014709023622364734
10.283393152680166 -0.015130757745569616
10.292706540240165 -0.015559130206082121
10.302019927800165 -0.015992992454369626
10.311333315360166 -0.016429123884408314
10.320646702920167 -0.016862108214863773
10.329960090480167 -0.017284261901497074
10.339273478040166 -0.017685615889472286
10.348586865600167 -0.01805395048832189
10.357900253160167 -0.018374881633826223
10.367213640720166 -0.018631995341482768
10.376527028280167 -0.018807025807285303
10.385840415840168 -0.01888007142344631
10.395153803400168 -0.018829841996531604
10.404467190960169 -0.018633929725469456
10.413780578520168 -0.01826909605290161
10.423093966080168 -0.01771156637334489
10.43240735364017 -0.01693732478439359
10.441720741200168 -0.015922401610985078
10.451034128760169 -0.014643147314258706
10.46034751632017 -0.013076487599865981
10.46966090388017 -0.011200156036505798
10.47897429144017 -0.008992902240916863
10.48828767900017 -0.006434675623457059
10.49760106656017 -0.0035067867479060596
10.50691445412017 -0.0001920504564421457
10.51622784168017 0.003525083049531127
10.52554122924017 0.0076584011045767
10.534854616800171 0.01221979577829628
10.544168004360172 0.01721911448934088
10.553481391920172 0.022663982427417587
10.562794779480171 0.028559585061455606
10.572108167040172 0.03490839959100556
10.581421554600173 0.04170986554154931
10.590734942160172 0.04895998685735843
10.600048329720172 0.05665086081979341
10.609361717280173 0.06477013288862542
10.618675104840174 0.07330038106077406
10.627988492400174 0.08221843845114883
10.637301879960173 0.09149466836474555
10.646615267520174 0.10109221194380041
10.655928655080174 0.11096623429451286
10.665242042640173 0.1210632005473068
10.674555430200174 0.13132021828150292
10.683868817760175 0.14166448683717567
10.693182205320175 0.1520128969341572
10.702495592880176 0.16227182542954258
10.711808980440175 0.17233716971563062
10.721122368000175 0.1820946639871942
10.730435755560176 0.19142051525613604
10.739749143120175 0.2001823905114571
10.749062530680176 0.20824077785479972
10.758375918240176 0.2154507339296512
10.767689305800177 0.2216640177518684
10.777002693360178 0.22673159748752963
10.786316080920177 0.2305065022512797
10.795629468480177 0.23284697613307193
10.804942856040178 0.23361987698255737
10.814256243600177 0.23270424860397776
10.823569631160177 0.22999498256528933
10.832883018720178 0.22540647540857126
10.842196406280179 0.21887617921924887
10.85150979384018 0.21036793874414958
10.860823181400178 0.1998750069106724
10.870136568960179 0.18742263292907882
10.87944995652018 0.17307012324739032
10.888763344080179 0.15691228540566796
10.89807673164018 0.13908017807519893
10.90739011920018 0.11974110688437481
10.91670350676018 0.09909782450138362
10.926016894320181 0.07738691421937975
10.93533028188018 0.05487635823552177
10.94464366944018 0.031862314137206534
10.953957057000181 0.008665144992879239
10.96327044456018 -0.014375230904281175
10.972583832120181 -0.036904585910262896
10.981897219680182 -0.05856012372439405
10.991210607240182 -0.07897660117103501
11.000523994800183 -0.09779270790280424
11.009837382360182 -0.11465757513470558
11.019150769920182 -0.12923728253709282
11.028464157480183 -0.14122123404452136
11.037777545040182 -0.15032827828988235
11.047090932600183 -0.1563124572276974
11.056404320160183 -0.15896827674285025
11.065717707720184 -0.15813540505772805
11.075031095280185 -0.15370271792793685
11.084344482840184 -0.14561162334040614
11.093657870400184 -0.133858612131305
11.102971257960185 -0.11849699414093949
11.112284645520184 -0.09963779184534577
11.121598033080184 -0.07744977460765014
11.130911420640185 -0.052158626676165186
11.140224808200186 -0.024045250862553973
11.149538195760186 0.006556782362737392
11.158851583320185 0.03926462353258114
11.168164970880186 0.07365034703433501
11.177478358440187 0.10924593776411644
11.186791746000186 0.1455490238804928
11.196105133560186 0.18202930974367457
11.205418521120187 0.21813565370908777
11.214731908680188 0.2533037246194769
11.224045296240188 0.2869641585518344
11.233358683800187 0.3185511237383157
11.242672071360188 0.34751118688558863
11.251985458920188 0.3733123588353715
11.261298846480187 0.39545318227569326
11.270612234040188 0.41347170980017045
11.279925621600189 0.42695420789552574
11.28923900916019 0.4355434123421111
11.298552396720188 0.43894615396325165
11.307865784280189 0.43694017152291587
11.31717917184019 0.42937993159454396
11.32649255940019 0.41620128398095857
11.33580594696019 0.39742479610791914
11.34511933452019 0.3731576308340355
11.35443272208019 0.34359385912367013
11.363746109640191 0.30901313152816007
11.37305949720019 0.2697776696348196
11.38237288476019 0.22632757952703977
11.391686272320191 0.17917453257649754
11.400999659880192 0.1288939031066806
11.410313047440193 0.07611549605895436
11.419626435000191 0.021513039146443886
11.428939822560192 -0.03420734848180927
11.438253210120193 -0.09031946679660804
11.447566597680192 -0.14608985473407554
11.456879985240192 -0.20079083138328505
11.466193372800193 -0.25371346096280445
11.475506760360194 -0.304180143280873
11.484820147920194 -0.35155653957075955
11.494133535480193 -0.39526256048740827
11.503446923040194 -0.43478216805605147
11.512760310600195 -0.4696717755867081
11.522073698160193 -0.4995670678587313
11.531387085720194 -0.5241881068776965
11.540700473280195 -0.5433426347124748
11.550013860840195 -0.5569275327555414
11.559327248400196 -0.5649284446279098
11.568640635960195 -0.5674176163422209
11.577954023520196 -0.564550050827803
11.587267411080196 -0.5565581132599864
11.596580798640195 -0.5437447577769426
11.605894186200196 -0.5264755742975944
11.615207573760197 -0.5051698757088551
11.624520961320197 -0.480291060356425
11.633834348880198 -0.45233649248286084
11.643147736440197 -0.4218271441696309
11.652461124000197 -0.3892972368205954
11.661774511560198 -0.3552841088108602
11.671087899120197 -0.32031851929470007
11.680401286680198 -0.28491557710255677
11.689714674240198 -0.24956645901169555
11.699028061800199 -0.21473105433625214
11.7083414493602 -0.18083164364482834
11.717654836920198 -0.1482476893497689
11.7269682244802 -0.11731178575178233
11.7362816120402 -0.08830678663448495
11.745594999600199 -0.061464100377450204
11.7549083871602 -0.03696311640066577
11.7642217747202 -0.01493170308140922
11.7735351622802 0.0045523034854724545
11.782848549840201 0.021458718060225538
11.7921619374002 0.03580184444192769
11.801475324960201 0.04763665606882709
11.810788712520202 0.057054448757021876
11.8201021000802 0.06417809865472383
11.829415487640201 0.06915705841576808
11.838728875200202 0.0721622213006943
11.848042262760202 0.07338077667102236
11.857355650320203 0.0730111714854665
11.866669037880202 0.07125828131805986
11.875982425440203 0.06832888151753796
11.885295813000203 0.06442749486125199
11.894609200560202 0.059752676885359096
11.903922588120203 0.054493784456955255
11.913235975680204 0.048828257541949055
11.922549363240204 0.04291942893899464
11.931862750800205 0.036914862382885556
11.941176138360204 0.030945206211982698
11.950489525920204 0.02512353803021481
11.959802913480205 0.019545165700126613
11.969116301040204 0.014287841738799573
11.978429688600205 0.009412341845585662
11.987743076160205 0.0049633538950594885
11.997056463720206 0.000970621242822281
12.006369851280207 -0.0025497164796357275
12.015683238840206 -0.005593640908125884
12.024996626400206 -0.008167684177191076
12.034310013960207 -0.01028731945277956
12.043623401520206 -0.011975357623350991
12.052936789080206 -0.013260389484820334
12.062250176640207 -0.0141753067208403
12.071563564200208 -0.014755928679373087
12.080876951760208 -0.015039755608316418
12.090190339320207 -0.015064862842913758
12.099503726880208 -0.014868944612999082
12.108817114440209 -0.014488510803966055
12.118130502000207 -0.013958235272845208
12.127443889560208 -0.013310450266820394
12.136757277120209 -0.012574778159475438
12.14607066468021 -0.011777889122663634
12.15538405224021 -0.010943371474197956
12.164697439800209 -0.010091700245075157
12.17401082736021 -0.009240288937189315
12.18332421492021 -0.008403609421705727
12.19263760248021 -0.007593365378122694
12.20195099004021 -0.006818705508160767
12.21126437760021 -0.006086463889553671
12.220577765160211 -0.0054014161776832995
12.229891152720212 -0.004766541838382961
12.23920454028021 -0.004183284131400499
12.248517927840211 -0.0036518010985953533
12.257831315400212 -0.0031712022918484236
12.267144702960211 -0.0027397673614654367
12.276458090520212 -0.0023551438856912014
12.285771478080212 -0.0020145229349266334
12.295084865640213 -0.0017147918185731908
12.304398253200214 -0.001452664254330478
12.313711640760213 -0.0012247888321546309
12.323025028320213 -0.0010278371262685318
12.332338415880214 -0.000858573150982367
12.341651803440213 -0.0007139060748343701
12.350965191000213 -0.0005909282195797367
12.360278578560214 -0.0004869403933919736
12.369591966120215 -0.0003994665586932162
12.378905353680215 -0.0003262597308704755
12.388218741240214 -0.00026530086000369033
12.397532128800215 -0.00021479227720512647
12.406845516360216 -0.0001731471019500379
12.416158903920214 -0.00013897581661702476
12.425472291480215 -0.0001110710271772752
12.434785679040216 -8.839125056704003e-05
12.444099066600216 -7.004440406934119e-05
12.453412454160217 -5.5271522864699555e-05
12.462725841720216 -4.343110037087467e-05
12.472039229280217 -3.398433262589978e-05
12.481352616840217 -2.64814525029648e-05
12.490666004400216 -2.05492610875706e-05
12.499979391960217 -1.5879900768853487e-05
12.509292779520218 -1.2220865891939523e-05
12.518606167080218 -9.3662104359519e-06
12.527919554640219 -7.148886334161252e-06
12.537232942200218 -5.4341289944606116e-06
12.546546329760218 -4.113796670571251e-06
12.555859717320219 -3.101566083116015e-06
12.565173104880218 -2.3288867703251056e-06
12.574486492440219 -1.7415999159979731e-06
12.58379988000022 -1.297132892522549e-06
12.59311326756022 -9.621876763212015e-07
