2.841 2.8481216757368514e-05
2.8488628 3.6964732554392445e-05
2.8567256 4.7843537068610934e-05
2.8645883999999997 6.17540823395995e-05
2.8724511999999995 7.949041189290321e-05
2.8803139999999994 0.0001020400127099077
2.888176799999999 0.00013062699688787564
2.896039599999999 0.000166763907583601
2.903902399999999 0.00021231362481700423
2.9117651999999987 0.0002695630422350047
2.9196279999999986 0.00034131039462760284
2.9274907999999984 0.0004309683356817134
2.9353535999999982 0.0005426850930499633
2.943216399999998 0.0006814862591077638
2.951079199999998 0.0008534400053363866
2.9589419999999977 0.0010658487292769284
2.9668047999999976 0.001327470347098974
2.9746675999999974 0.0016487726220286458
2.9825303999999973 0.0020422240574706923
2.990393199999997 0.0025226249701611634
2.998255999999997 0.0031074823778734903
3.0061187999999968 0.0038174322711727843
3.0139815999999966 0.004676712671063728
3.0218443999999964 0.0057136905844465844
3.0297071999999963 0.006961445536532394
3.037569999999996 0.00845841176281097
3.045432799999996 0.010249080362047393
3.053295599999996 0.012384761726269506
3.0611583999999956 0.014924407355765468
3.0690211999999955 0.01793548872149774
3.0768839999999953 0.02149492914272107
3.084746799999995 0.025690082697744983
3.092609599999995 0.03061975198087089
3.100472399999995 0.03639523406642204
3.1083351999999946 0.043141381358344146
3.1161979999999945 0.0509976611181868
3.1240607999999943 0.060119194413857706
3.131923599999994 0.07067775206712813
3.139786399999994 0.08286268196316467
3.147649199999994 0.09688173889736951
3.1555119999999937 0.11296178506369663
3.1633747999999935 0.13134932643718858
3.1712375999999933 0.1523108477860262
3.179100399999993 0.1761329069889684
3.186963199999993 0.20312194786410936
3.194825999999993 0.23360378997019207
3.2026887999999927 0.26792275395872944
3.2105515999999925 0.3064403821666833
3.2184143999999923 0.3495337163696807
3.226277199999992 0.3975930980751124
3.234139999999992 0.4510194615138154
3.242002799999992 0.5102210956539625
3.2498655999999917 0.5756098591457256
3.2577283999999915 0.6475968411081245
3.2655911999999914 0.726587471046517
3.273453999999991 0.8129760928509893
3.281316799999991 0.9071400306340495
3.289179599999991 1.0094331879313496
3.2970423999999907 1.1201792362714142
3.3049051999999906 1.2396644640296686
3.3127679999999904 1.3681303714823134
3.3206307999999902 1.5057661126898931
3.32849359999999 1.6527008988585328
3.33635639999999 1.8089964907148446
3.3442191999999897 1.974639918742199
3.3520819999999896 2.1495365794162247
3.3599447999999894 2.3335038624164035
3.3678075999999892 2.526265467780195
3.375670399999989 2.727446572755541
3.383533199999989 2.9365700054102675
3.3913959999999888 3.1530535756659996
3.3992587999999886 3.3762087042278366
3.4071215999999884 3.605240475875095
3.4149843999999883 3.8392492258778566
3.422847199999988 4.077233747150607
3.430709999999988 4.318096181522242
3.4385727999999878 4.560648631698195
3.4464355999999876 4.803621501754609
3.4542983999999874 5.045673544099494
3.4621611999999873 5.2854035606407
3.470023999999987 5.521363676395106
3.477886799999987 5.7520740760223
3.485749599999987 5.976039068899045
3.4936123999999866 6.191764327540914
3.5014751999999865 6.39777512861863
3.5093379999999863 6.592635416699264
3.517200799999986 6.774967509331346
3.525063599999986 6.943472269303736
3.532926399999986 7.096949586888015
3.5407891999999856 7.234319042582676
3.5486519999999855 7.3546406601718495
3.5565147999999853 7.457135711533533
3.564377599999985 7.541207599200304
3.572240399999985 7.606462920675746
3.580103199999985 7.652732910293663
3.5879659999999847 7.6800955601878425
3.5958287999999845 7.6888988417892605
3.6036915999999843 7.679785583114171
3.611554399999984 7.653720704728037
3.619417199999984 7.612021678287282
3.627279999999984 7.556393245419316
3.6351427999999837 7.488967620653348
3.6430055999999835 7.412351599189288
3.6508683999999834 7.329682197256188
3.658731199999983 7.244692668124584
3.666593999999983 7.1617909585909
3.674456799999983 7.0861528966080005
3.6823195999999827 7.023832627848581
3.6901823999999825 6.981893043926532
3.6980451999999824 6.9685591636651045
3.705907999999982 6.993397636337625
3.713770799999982 7.067525726533717
3.721633599999982 7.203853307639984
3.7294963999999817 7.417361527335427
3.7373591999999816 7.72542190547032
3.7452219999999814 8.148159672718558
3.7530847999999812 8.708865147004817
3.760947599999981 9.434456862562415
3.768810399999981 10.356000001461375
3.7766731999999807 11.50928341684742
3.7845359999999806 12.93545816786988
3.7923987999999804 14.681739995179553
3.8002615999999803 16.802177540033966
3.80812439999998 19.358487337198834
3.81598719999998 22.420955680835327
3.8238499999999798 26.06940636388001
3.8317127999999796 30.394232017681325
3.8395755999999794 35.49748532520437
3.8474383999999793 41.494024746616375
3.855301199999979 48.512707583083326
3.863163999999979 56.697621220169616
3.871026799999979 66.20934124836906
3.8788895999999786 77.22620287250034
3.8867523999999785 89.94556961735294
3.8946151999999783 104.5850808436088
3.902477999999978 121.38385704159936
3.910340799999978 140.60363931321535
3.918203599999978 162.52983693291068
3.9260663999999776 187.4724544519685
3.9339291999999775 215.76686753641832
3.9417919999999773 247.77441467367535
3.949654799999977 283.88277011590264
3.957517599999977 324.5060620224532
3.965380399999977 370.08469879497807
3.9732431999999767 421.08486614341274
3.9811059999999765 477.99765755517893
3.9889687999999763 541.3378016378566
3.996831599999976 611.6419513379506
4.004694399999976 689.4665023706599
4.012557199999976 775.3849113860234
4.020419999999976 869.9844884947288
4.0282827999999755 973.8626438205682
4.036145599999975 1087.622573761198
4.044008399999975 1211.8683796350072
4.051871199999975 1347.1996193627533
4.059733999999975 1494.2053017527094
4.067596799999975 1653.4573427810942
4.0754595999999745 1825.503513916484
4.083322399999974 2010.8599239348669
4.091185199999974 2210.003087692195
4.099047999999974 2423.361647818552
4.106910799999974 2651.3078280997283
4.114773599999974 2894.148710217866
4.1226363999999736 3152.1174383051707
4.130499199999973 3425.3644681699866
4.138361999999973 3713.9489898038773
4.146224799999973 4017.830662571906
4.154087599999973 4336.8618120072015
4.161950399999973 4670.780245043214
4.169813199999973 5019.202846482844
4.177675999999972 5381.620123182368
4.185538799999972 5757.3918634863985
4.193401599999972 6145.744077570891
4.201264399999972 6545.767379244024
4.209127199999972 6956.416961165649
4.216989999999972 7376.514303170083
4.224852799999971 7804.750737267929
4.232715599999971 8239.69297288616
4.240578399999971 8679.790661987563
4.248441199999971 9123.386055989002
4.256303999999971 9568.725775068922
4.264166799999971 10013.974675819602
4.2720295999999705 10457.231765670294
4.27989239999997 10896.548072603353
4.28775519999997 11329.946337035377
4.29561799999997 11755.4423500704
4.30348079999997 12171.067719474595
4.31134359999997 12574.893802576877
4.3192063999999695 12965.056504834176
4.327069199999969 13339.781605026275
4.334931999999969 13697.410233996969
4.342794799999969 14036.424104565664
4.350657599999969 14355.470066696793
4.358520399999969 14653.383545174123
4.3663831999999685 14929.210407737213
4.374245999999968 15182.22681063596
4.382108799999968 15411.9565764422
4.389971599999968 15618.185676153278
4.397834399999968 15800.97341437205
4.405697199999968 15960.65995268415
4.4135599999999675 16097.869852091699
4.421422799999967 16213.511370089538
4.429285599999967 16308.77131104297
4.437148399999967 16385.105299075036
4.445011199999967 16444.22341961054
4.452873999999967 16488.071257764444
4.4607367999999665 16518.806447434272
4.468599599999966 16538.770932637006
4.476462399999966 16550.45923057181
4.484325199999966 16556.483072257084
4.492187999999966 16559.532879498685
4.500050799999966 16562.336614504515
4.5079135999999655 16567.616608812572
4.515776399999965 16578.045039568948
4.523639199999965 16596.1987719256
4.531501999999965 16624.51432493865
4.539364799999965 16665.24374355452
4.547227599999965 16720.41217003773
4.555090399999965 16791.777903757386
4.562953199999964 16880.79571815607
4.570815999999964 16988.58416784211
4.578678799999964 17115.897567290493
4.586541599999964 17263.10325616997
4.594404399999964 17430.164685752818
4.602267199999964 17616.630767466035
4.610129999999963 17821.63181999959
4.617992799999963 18043.88233738826
4.625855599999963 18281.69067929285
4.633718399999963 18532.975658716266
4.641581199999963 18795.28987417442
4.649443999999963 19065.849505601775
4.657306799999962 19341.570168772527
4.665169599999962 19619.108304525824
4.673032399999962 19894.907469295795
4.680895199999962 20165.24879492379
4.688757999999962 20426.304800824924
4.696620799999962 20674.19567237639
4.7044835999999615 20905.047067638865
4.712346399999961 21115.048481576727
4.720209199999961 21300.511183735973
4.728071999999961 21457.92475233097
4.735934799999961 21584.01125485284
4.743797599999961 21675.776172112575
4.7516603999999605 21730.55522804505
4.75952319999996 21746.05637012294
4.76738599999996 21720.396242916664
4.77524879999996 21652.130607846535
4.78311159999996 21540.278282828982
4.79097439999996 21384.338303379212
4.7988371999999595 21184.300138673658
4.806699999999959 20940.646928874485
4.814562799999959 20654.351840450683
4.822425599999959 20326.867761155587
4.830288399999959 19960.110672778497
4.838151199999959 19556.437145082033
4.8460139999999585 19118.616486110033
4.853876799999958 18649.79816035993
4.861739599999958 18153.475145675275
4.869602399999958 17633.443941155307
4.877465199999958 17093.7619614506
4.885327999999958 16538.7030576122
4.8931907999999575 15972.711891802639
4.901053599999957 15400.357863787793
4.908916399999957 14826.28924279015
4.916779199999957 14255.188100986456
4.924641999999957 13691.726577002482
4.932504799999957 13140.524921777274
4.940367599999957 12606.111697895467
4.948230399999956 12092.88641975611
4.956093199999956 11605.084838586372
4.963955999999956 11146.74699604347
4.971818799999956 10721.688095514923
4.979681599999956 10333.472173493963
4.987544399999956 9985.388496504856
4.995407199999955 9680.430563515847
5.003269999999955 9421.277560697985
5.011132799999955 9210.278095386842
5.018995599999955 9049.43602931425
5.026858399999955 8940.398237246654
5.034721199999955 8884.444135272715
5.042583999999954 8882.47685186684
5.050446799999954 8935.015952865471
5.058309599999954 9042.191676645263
5.066172399999954 9203.740685838779
5.074035199999954 9419.003394428682
5.081897999999954 9686.92298149077
5.0897607999999535 10006.046252656768
5.097623599999953 10374.526555064116
5.105486399999953 10790.128988833623
5.113349199999953 11250.238185892349
5.121211999999953 11751.868943479094
5.129074799999953 12291.680003554056
5.1369375999999525 12865.991259637232
5.144800399999952 13470.804648845857
5.152663199999952 14101.82894910918
5.160525999999952 14754.508650228385
5.168388799999952 15424.057003628965
5.176251599999952 16105.493280796321
5.1841143999999515 16793.6841863822
5.191977199999951 17483.389281073873
5.199839999999951 18169.310174069276
5.207702799999951 18846.143148146773
5.215565599999951 19508.63478471937
5.223428399999951 20151.64006479687
5.2312911999999505 20770.182337245362
5.23915399999995 21359.514470749586
5.24701679999995 21915.180442800392
5.25487959999995 22433.07656984449
5.26274239999995 22909.511549019593
5.27060519999995 23341.264464749172
5.2784679999999495 23725.63991346129
5.286330799999949 24060.51941686326
5.294193599999949 24344.40832804475
5.302056399999949 24576.477484179366
5.309919199999949 24756.598923253456
5.317781999999949 24885.375058159956
5.3256447999999486 24964.160787404802
5.333507599999948 24995.07811508227
5.341370399999948 24981.022951035193
5.349233199999948 24925.663862534013
5.357095999999948 24833.43264875881
5.364958799999948 24709.506706399574
5.372821599999948 24559.78324661781
5.380684399999947 24390.84550861712
5.388547199999947 24209.921191759055
5.396409999999947 24024.833395625952
5.404272799999947 23843.944415285187
5.412135599999947 23676.092787379956
5.419998399999947 23530.524022203357
5.427861199999946 23416.815488711698
5.435723999999946 23344.795945011938
5.443586799999946 23324.4602280493
5.451449599999946 23365.879635072008
5.459312399999946 23479.10854811344
5.467175199999946 23674.087873334476
5.4750379999999454 23960.545891590733
5.482900799999945 24347.89714672827
5.490763599999945 24845.140035177687
5.498626399999945 25460.753805210778
5.506489199999945 26202.595726970183
5.514351999999945 27077.799254644626
5.5222147999999445 28092.674068825356
5.530077599999944 29252.608958329856
5.537940399999944 30561.97857413593
5.545803199999944 32024.05516044169
5.553665999999944 33640.9264356335
5.561528799999944 35413.42085508257
5.5693915999999435 37341.041533905314
5.577254399999943 39421.91013671818
5.585117199999943 41652.72204867023
5.592979999999943 44028.71412358434
5.600842799999943 46543.646257263325
5.608705599999943 49189.79795393945
5.6165683999999425 51957.980939275745
5.624431199999942 54837.56872303165
5.632293999999942 57816.543828316426
5.640156799999942 60881.56318326339
5.648019599999942 64018.04191717159
5.655882399999942 67210.25552010498
5.6637451999999415 70441.46001722365
5.671607999999941 73694.02948247893
5.679470799999941 76949.60987745375
5.687333599999941 80189.28785762916
5.695196399999941 83393.7728484155
5.703059199999941 86543.59036551943
5.7109219999999405 89619.28424743244
5.71878479999994 92601.62519072881
5.72664759999994 95471.82273982979
5.73451039999994 98211.73768965752
5.74237319999994 100804.09171907006
5.75023599999994 103232.67099090738
5.75809879999994 105482.52043538251
5.765961599999939 107540.12548043061
5.773824399999939 109393.57810690317
5.781687199999939 111032.72428790564
5.789549999999939 112449.29011816008
5.797412799999939 113636.9842473703
5.805275599999939 114591.57459590364
5.813138399999938 115310.93774489046
5.821001199999938 115795.07984795999
5.828863999999938 116046.12839900007
5.836726799999938 116068.29469936663
5.844589599999938 115867.80738803542
5.852452399999938 115452.81791806976
5.860315199999937 114833.27937115933
5.868177999999937 114020.80048776469
5.876040799999937 113028.47724293281
5.883903599999937 111870.70470724395
5.891766399999937 110562.97228969628
5.899629199999937 109121.64575692119
5.9074919999999365 107563.73965461158
5.915354799999936 105906.683917639
5.923217599999936 104168.08854182872
5.931080399999936 102365.51020126772
5.938943199999936 100516.2246305188
5.946805999999936 98637.00845307845
5.9546687999999355 96743.93392931508
5.962531599999935 94852.17982392824
5.970394399999935 92975.86126101665
5.978257199999935 91127.88105165707
5.986119999999935 89319.80455301578
5.993982799999935 87561.75965875249
6.0018455999999345 85862.3630377303
6.009708399999934 84228.67324202678
6.017571199999934 82666.17080627094
6.025433999999934 81178.76496859161
6.033296799999934 79768.8261687728
6.041159599999934 78437.24303083254
6.0490223999999335 77183.50212365921
6.056885199999933 76005.78842212178
6.064747999999933 74901.10406869765
6.072610799999933 73865.4027674254
6.080473599999933 72893.73693189633
6.088336399999933 71980.41455971764
6.0961991999999325 71119.16271870794
6.104061999999932 70303.2945049802
6.111924799999932 69525.87636864347
6.119787599999932 68779.89279649506
6.127650399999932 68058.40548900019
6.135513199999932 67354.70436624045
6.143375999999932 66662.44797865557
6.151238799999931 65975.7911768428
6.159101599999931 65289.49820341041
6.166964399999931 64599.03970150172
6.174827199999931 63900.67248151878
6.182689999999931 63191.50124216536
6.190552799999931 62469.521796747686
6.19841559999993 61733.64570359808
6.20627839999993 60983.706533887365
6.21414119999993 60220.4483249521
6.22200399999993 59445.497057304114
6.22986679999993 58661.316254260004
6.23772959999993 57871.14803106484
6.245592399999929 57078.94111285212
6.253455199999929 56289.26749609284
6.261317999999929 55507.22954556544
6.269180799999929 54738.35939845088
6.277043599999929 53988.5125898593
6.284906399999929 53263.7578216142
6.2927691999999285 52570.264770783855
6.300631999999928 51914.19177912165
6.308494799999928 51301.57518253547
6.316357599999928 50738.2219345252
6.324220399999928 50229.60705295197
6.332083199999928 49780.777279334834
6.3399459999999275 49396.26218785415
6.347808799999927 49079.99382097526
6.355671599999927 48835.23576344584
6.363534399999927 48664.52239942704
6.371397199999927 48569.60893139157
6.379259999999927 48551.43257648602
6.3871227999999265 48610.085198225555
6.394985599999926 48744.79748019644
6.402848399999926 48953.93460503182
6.410711199999926 49235.00326710516
6.418573999999926 49584.66972165452
6.426436799999926 49998.788456664544
6.4342995999999255 50472.440966848895
6.442162399999925 50999.98401141856
6.450025199999925 51575.10664883608
6.457887999999925 52190.89526226289
6.465750799999925 52839.905718747716
6.473613599999925 53514.241743282095
6.4814763999999245 54205.638535655424
6.489339199999924 54905.55061366959
6.497201999999924 55605.24283093341
6.505064799999924 56295.88349145678
6.512927599999924 56968.63846700626
6.520790399999924 57614.7652171239
6.5286531999999236 58225.70561634091
6.536515999999923 58793.17650890654
6.544378799999923 59309.25693871841
6.552241599999923 59766.47104139474
6.560104399999923 60157.865636739494
6.567967199999923 60477.08162319632
6.575829999999923 60718.418351025706
6.583692799999922 60876.89023738143
6.591555599999922 60948.27498345703
6.599418399999922 60929.15286038968
6.607281199999922 60816.93664536274
6.615143999999922 60609.89191079278
6.623006799999922 60307.14749585706
6.630869599999921 59908.6961189636
6.638732399999921 59415.38521998852
6.646595199999921 58828.8982500292
6.654457999999921 58151.72675182719
6.662320799999921 57387.13369372394
6.670183599999921 56539.10863193069
6.6780463999999204 55612.31537807808
6.68590919999992 54612.03293972923
6.69377199999992 53544.09057929772
6.70163479999992 52414.797900429054
6.70949759999992 51230.87091950394
6.71736039999992 49999.35511298031
6.7252231999999195 48727.54644863748
6.733085999999919 47422.91141058281
6.740948799999919 46093.00701464023
6.748811599999919 44745.401783258945
6.756674399999919 43387.59860844676
6.764537199999919 42026.96037874003
6.7723999999999185 40670.639183362895
6.780262799999918 39325.50983510491
6.788125599999918 37998.10837474089
6.795988399999918 36694.576135727075
6.803851199999918 35420.60986010063
6.811713999999918 34181.41826657423
6.8195767999999175 32981.68538122169
6.827439599999917 31825.540851225844
6.835302399999917 30716.537374052892
6.843165199999917 29657.635289102698
6.851027999999917 28651.194297149366
6.858890799999917 27698.97219532894
6.8667535999999165 26802.13044249479
6.874616399999916 25961.246301731502
6.882479199999916 25176.331243869354
6.890341999999916 24446.855238048276
6.898204799999916 23771.77650276599
6.906067599999916 23149.576243396736
6.9139303999999155 22578.297859878367
6.921793199999915 22055.590071148847
6.929655999999915 21578.75337103166
6.937518799999915 21144.789203739412
6.945381599999915 20750.451226167253
6.953244399999915 20392.29800892823
6.961107199999915 20066.746518933647
6.968969999999914 19770.12572357924
6.976832799999914 19498.729660604393
6.984695599999914 19248.869328783916
6.992558399999914 19016.9227730757
7.000421199999914 18799.382763902133
7.008283999999914 18592.90150399255
7.016146799999913 18394.331837636524
7.024009599999913 18200.764486102846
7.031872399999913 18009.560889006854
7.039735199999913 17818.38129399942
7.047597999999913 17625.207805557977
7.055460799999913 17428.36217694295
7.063323599999912 17226.518206425186
7.071186399999912 17018.708678422514
7.079049199999912 16804.32687081225
7.086911999999912 16583.122729925788
7.094774799999912 16355.193893056019
7.102637599999912 16120.971813184504
7.1105003999999115 15881.203310579616
7.118363199999911 15636.927939536728
7.126225999999911 15389.451614569229
7.134088799999911 15140.316987737388
7.141951599999911 14891.271106649097
7.149814399999911 14644.230910354077
7.1576771999999105 14401.247137505641
7.16553999999991 14164.467227674253
7.17340279999991 13936.097792724504
7.18126559999991 13718.367221127679
7.18912839999991 13513.488954634642
7.19699119999991 13323.625944747182
7.2048539999999095 13150.856756956424
7.212716799999909 12997.143744959792
7.220579599999909 12864.303666323061
7.228442399999909 12753.981056681225
7.236305199999909 12667.624622941437
7.244167999999909 12606.466858409844
7.2520307999999085 12571.507025587527
7.259893599999908 12563.497596742021
7.267756399999908 12582.934189300891
7.275619199999908 12630.048983515208
7.283481999999908 12704.807564414416
7.291344799999908 12806.909089346413
7.2992075999999075 12935.789646712123
7.307070399999907 13090.628641024581
7.314933199999907 13270.358014143536
7.322795999999907 13473.674092301557
7.330658799999907 13699.05183305734
7.338521599999907 13944.761235193871
7.346384399999907 14208.885667349748
7.354247199999906 14489.341867306384
7.362109999999906 14783.9013628046
7.369972799999906 15090.213065984923
7.377835599999906 15405.826796517511
7.385698399999906 15728.217492739388
7.393561199999906 16054.809875240311
7.401423999999905 16383.003333006323
7.409286799999905 16710.196808197583
7.417149599999905 17033.81346175146
7.425012399999905 17351.324908198094
7.432875199999905 17660.27481437401
7.440737999999905 17958.301663212816
7.448600799999904 18243.160490640807
7.456463599999904 18512.74341101323
7.464326399999904 18765.098754735765
7.472189199999904 18998.448650975195
7.480051999999904 19211.20489892918
7.487914799999904 19401.982983222457
7.4957775999999035 19569.614102823496
7.503640399999903 19713.155098575477
7.511503199999903 19831.896182085762
7.519365999999903 19925.366388333245
7.527228799999903 19993.336695860737
7.535091599999903 20035.820781672133
7.5429543999999025 20053.073402722675
7.550817199999902 20045.5864218679
7.558679999999902 20014.082522949197
7.566542799999902 19959.506686904457
7.574405599999902 19883.015527919528
7.582268399999902 19785.964615161618
7.5901311999999015 19669.89393102671
7.597993999999901 19536.511640550856
7.605856799999901 19387.676368159013
7.613719599999901 19225.37819676679
7.621582399999901 19051.718619964107
7.629445199999901 18868.889690219272
7.6373079999999005 18679.152614438204
7.6451707999999 18484.81605257894
7.6530335999999 18288.21437522625
7.6608963999999 18091.686132049683
7.6687591999999 17897.552974971433
7.6766219999999 17708.099267831487
7.6844847999998995 17525.552598625294
7.692347599999899 17352.065391367694
7.700210399999899 17189.697792740102
7.708073199999899 17040.401984425687
7.715935999999899 16906.00804598791
7.723798799999899 16788.211465914024
7.7316615999998985 16688.562370656127
7.739524399999898 16608.456513794667
7.747387199999898 16549.128040449657
7.755249999999898 16511.644016369966
7.763112799999898 16496.90068729162
7.770975599999898 16505.62141266059
7.778838399999898 16538.356199079928
7.786701199999897 16595.48274319042
7.794563999999897 16677.208881359795
7.802426799999897 16783.576334666566
7.810289599999897 16914.465632242158
7.818152399999897 17069.60209399728
7.826015199999897 17248.562754918377
7.833877999999896 17450.784117198116
7.841740799999896 17675.570623090982
7.849603599999896 17922.10375011903
7.857466399999896 18189.451640596177
7.865329199999896 18476.57918884356
7.873191999999896 18782.358521369497
7.881054799999895 19105.579817108824
7.888917599999895 19444.962425996408
7.896780399999895 19799.166254158143
7.904643199999895 20166.803392356378
7.912505999999895 20546.44997060694
7.920368799999895 20936.658225746036
7.9282315999998945 21335.968769914525
7.936094399999894 21742.923046278636
7.943957199999894 22156.07595375895
7.951819999999894 22574.00861512925
7.959682799999894 22995.3412527086
7.967545599999894 23418.746123233777
7.9754083999998935 23842.960448680195
7.983271199999893 24266.79926319519
7.991133999999893 24689.168078379465
7.998996799999893 25109.075250424656
8.006859599999892 25525.64391365102
8.014722399999894 25938.12332639532
8.022585199999892 26345.899457588595
8.030447999999893 26748.50462638817
8.038310799999891 27145.625993495196
8.046173599999893 27537.112691961018
8.054036399999891 27922.981377924585
8.061899199999893 28303.4199784525
8.06976199999989 28678.789414966293
8.077624799999892 29049.623087172695
8.08548759999989 29416.62391434909
8.093350399999892 29780.658748678936
8.10121319999989 30142.749999312957
8.109075999999892 30504.06433616221
8.11693879999989 30865.898379128605
8.124801599999891 31229.661321503307
8.13266439999989 31596.854485350694
8.140527199999891 31969.04786148385
8.148389999999889 32347.85374650792
8.15625279999989 32734.8976536273
8.164115599999889 33131.78674145687
8.17197839999989 33540.07607480638
8.179841199999888 33961.233101886144
8.18770399999989 34396.6008020775
8.195566799999888 34847.36002552484
8.20342959999989 35314.49160849891
8.211292399999888 35798.738904705664
8.21915519999989 36300.5714204912
8.227017999999887 36820.15027912088
8.234880799999889 37357.29626409191
8.242743599999887 37911.46120188934
8.250606399999889 38481.703439174584
8.258469199999887 39066.66814672999
8.266331999999888 39664.5731416884
8.274194799999886 40273.200860067
8.282057599999888 40889.89703344282
8.289920399999886 41511.57652717773
8.297783199999888 42134.73668406242
8.305645999999886 42755.47838816513
8.313508799999887 43369.534921317085
8.321371599999885 43972.30853170792
8.329234399999887 44558.91447380695
8.337097199999885 45124.23211483633
8.344959999999887 45662.96253934968
8.352822799999885 46169.691924235114
8.360685599999886 46638.95980602771
8.368548399999884 47065.33122497871
8.376411199999886 47443.47161004809
8.384273999999884 47768.2231695913
8.392136799999886 48034.68147741573
8.399999599999884 48238.270895828115
8.407862399999885 48374.817458458376
8.415725199999883 48440.61784736208
8.423587999999885 48432.503141757974
8.431450799999883 48347.89608941386
8.439313599999885 48184.860754996276
8.447176399999883 47942.14353059779
8.455039199999884 47619.20464932033
8.462901999999882 47216.23951965233
8.470764799999884 46734.18939222596
8.478627599999882 46174.74107668691
8.486490399999884 45540.315639751345
8.494353199999882 44834.04623082044
8.502215999999883 44059.745393379235
8.510078799999881 43221.86242365672
8.517941599999883 42325.43152764731
8.525804399999881 41376.01169911356
8.533667199999883 40379.619390539745
8.54152999999988 39342.65517294178
8.549392799999882 38271.825676286026
8.55725559999988 37174.062168374345
8.565118399999882 36056.437165388874
8.57298119999988 34926.08047192659
8.580843999999882 33790.09602295042
8.58870679999988 32655.48084633592
8.596569599999881 31529.047384761932
8.60443239999988 30417.35031261257
8.612295199999881 29326.61886061637
8.62015799999988 28262.69552207967
8.62802079999988 27230.981863706555
8.635883599999879 26236.39200544713
8.64374639999988 25283.314171628077
8.651609199999879 24375.580553955468
8.65947199999988 23516.445569512125
8.667334799999878 22708.572447157017
8.67519759999988 21954.027936673123
8.683060399999878 21254.28480922534
8.69092319999988 20610.23170705548
8.698785999999878 20022.189806372422
8.70664879999988 19489.93568085139
8.714511599999877 19012.729694429556
8.722374399999879 18589.34921088931
8.730237199999877 18218.125883459536
8.738099999999879 17896.986279200257
8.745962799999877 17623.49509892487
8.753825599999878 17394.90027214565
8.761688399999876 17208.179236218428
8.769551199999878 17060.085747536326
8.777413999999876 16947.1966183691
8.785276799999878 16865.95782382428
8.793139599999876 16812.729477650275
8.801002399999877 16783.829231547723
8.808865199999875 16775.57370888045
8.816727999999877 16784.317638951
8.824590799999875 16806.490411360344
8.832453599999877 16838.629820670583
8.840316399999875 16877.412819136316
8.848179199999876 16919.683139393717
8.856041999999874 16962.47568960735
8.863904799999876 17003.03766076361
8.871767599999874 17038.846319766737
8.879630399999876 17067.62349304771
8.887493199999874 17087.346773879413
8.895355999999875 17096.257512874487
8.903218799999873 17092.865675568733
8.911081599999875 17075.951673860887
8.918944399999873 17044.565299616264
8.926807199999875 16998.021909088795
8.934669999999873 16935.896026013863
8.942532799999874 16858.012549221712
8.950395599999872 16764.435767268234
8.958258399999874 16655.456397646274
8.966121199999872 16531.57688133461
8.973983999999874 16393.495174418447
8.981846799999872 16242.087286924709
8.989709599999873 16078.38882449632
8.997572399999871 15903.575790772848
9.005435199999873 15718.944907076318
9.013297999999871 15525.893701054863
9.021160799999873 15325.900607211874
9.02902359999987 15120.505309793893
9.036886399999872 14911.289542459146
9.04474919999987 14699.85853979532
9.052611999999872 14487.823313477411
9.06047479999987 14276.783901183999
9.068337599999872 14068.313709906324
9.07620039999987 13863.945047696303
9.084063199999871 13665.155909920639
9.09192599999987 13473.358058504795
9.099788799999871 13289.886406205005
9.107651599999869 13115.989693390819
9.11551439999987 12952.822422809337
9.123377199999869 12801.437998943517
9.13123999999987 12662.78300333028
9.139102799999868 12537.692525943905
9.14696559999987 12426.886465665115
9.154828399999868 12330.966710024994
9.16269119999987 12250.415105724542
9.170553999999868 12185.592136651494
9.17841679999987 12136.736234846323
9.186279599999867 12103.963661600636
9.194142399999869 12087.268909967204
9.202005199999867 12086.525595715815
9.209867999999869 12101.487820401548
9.217730799999867 12131.792006922797
9.225593599999868 12176.959223923795
9.233456399999866 12236.398029862967
9.241319199999868 12309.407879803779
9.249181999999866 12395.183147344453
9.257044799999868 12492.817820061695
9.264907599999866 12601.31092898664
9.272770399999867 12719.572770701838
9.280633199999865 12846.431974522315
9.288495999999867 12980.643456953037
9.296358799999865 13120.897291382884
9.304221599999867 13265.828503138755
9.312084399999865 13414.027779049722
9.319947199999866 13564.053057177285
9.327809999999864 13714.44193704334
9.335672799999866 13863.724824330495
9.343535599999864 14010.438697460664
9.351398399999866 14153.141357557117
9.359261199999864 14290.425998906538
9.367123999999865 14420.93591501306
9.374986799999864 14543.379136437723
9.382849599999865 14656.54278156182
9.390712399999863 14759.306890788293
9.398575199999865 14850.657508999013
9.406437999999863 14929.69878065721
9.414300799999864 14995.663827005628
9.422163599999863 15047.924185413347
9.430026399999864 15085.997606991852
9.437889199999862 15109.55402989047
9.445751999999864 15118.419571830878
9.453614799999862 15112.578415940741
9.461477599999863 15092.172498189175
9.469340399999862 15057.498941995516
9.477203199999863 15009.005225088278
9.485065999999861 14947.282104583892
9.492928799999863 14873.054367648578
9.500791599999861 14787.169516103546
9.508654399999863 14690.584533036998
9.51651719999986 14584.350917036794
9.524379999999862 14469.598204229664
9.53224279999986 14347.516229164266
9.540105599999862 14219.336402023238
9.54796839999986 14086.312301129643
9.555831199999862 13949.699895741263
9.56369399999986 13810.737724358569
9.571556799999861 13670.627357957155
9.57941959999986 13530.514475592518
9.58728239999986 13391.470871709156
9.595145199999859 13254.477700362255
9.60300799999986 13120.410241664062
9.610870799999859 12990.02445047397
9.61873359999986 12863.94551711385
9.626596399999858 12742.65863528416
9.63445919999986 12626.502134012322
9.642321999999858 12515.663089117343
9.65018479999986 12410.175486083977
9.658047599999858 12309.920961243035
9.66591039999986 12214.632102588324
9.673773199999857 12123.898246303246
9.681635999999859 12037.173660971113
9.689498799999857 11953.787969358908
9.697361599999859 11872.95861839185
9.705224399999857 11793.80517224537
9.713087199999858 11715.36517205287
9.720949999999856 11636.611279184359
9.728812799999858 11556.469397898509
9.736675599999856 11473.837457831052
9.744538399999858 11387.604527540276
9.752401199999856 11296.669927366584
9.760263999999857 11199.962013210581
9.768126799999855 11096.456312412476
9.775989599999857 10985.192708493892
9.783852399999855 10865.291392763067
9.791715199999857 10735.96732720432
9.799577999999855 10596.54299410224
9.807440799999856 10446.459242797057
9.815303599999854 10285.284082078397
9.823166399999856 10112.719307155035
9.831029199999854 9928.604892027215
9.838891999999856 9732.921120516166
9.846754799999854 9525.788471285852
9.854617599999855 9307.46531301861
9.862480399999853 9078.343504654797
9.870343199999855 8838.942031470086
9.878205999999853 8589.898840063252
9.886068799999855 8331.961063430223
9.893931599999853 8065.973850738012
9.901794399999854 7792.8680347837235
9.909657199999852 7513.646883212816
9.917519999999854 7229.372187235398
9.925382799999852 6941.149943869329
9.933245599999854 6650.1158847704455
9.941108399999852 6357.421096782875
9.948971199999853 6064.217966800802
9.956833999999851 5771.646666882796
9.964696799999853 5480.822375320509
9.972559599999851 5192.8234061835765
9.980422399999853 4908.680394366389
9.98828519999985 4629.366656066471
9.996147999999852 4355.789816581609
10.00401079999985 4088.784769031522
10.011873599999852 3829.1079996990807
10.01973639999985 3577.43328877593
10.027599199999852 3334.348769893221
10.03546199999985 3100.3553084187906
10.043324799999851 2875.8661374661474
10.05118759999985 2661.207672223054
10.059050399999851 2456.6214077587506
10.06691319999985 2262.2667930693874
10.07477599999985 2078.2249647935946
10.082638799999849 1904.5032177699522
10.09050159999985 1741.040086289207
10.098364399999848 1587.7109093737329
10.10622719999985 1444.333755452888
10.114089999999848 1310.6755861522422
10.12195279999985 1186.4585452601705
10.129815599999848 1071.366266975699
10.13767839999985 965.0501069276464
10.145541199999847 867.1352098693606
10.153403999999849 777.2263390539373
10.161266799999847 694.9134037836708
10.169129599999849 619.776633201808
10.176992399999847 551.3913558034302
10.184855199999848 489.3323551431592
10.192717999999847 433.177782623189
10.200580799999848 382.51261788528154
10.208443599999846 336.9316760878176
10.216306399999848 296.04216912621706
10.224169199999846 259.4658346026474
10.232031999999847 226.8406520377336
10.239894799999846 197.8221704518686
10.247757599999847 172.0844750497117
10.255620399999845 149.3208233721511
10.263483199999847 129.24398299754245
10.271345999999845 111.58630376145818
10.279208799999846 96.09955760716014
10.287071599999845 82.55457867520423
10.294934399999846 70.7407351849529
10.302797199999844 60.46526315280311
10.310659999999846 51.55249012424671
10.318522799999844 43.84297496098613
10.326385599999846 37.19258740213552
10.334248399999844 31.471548687109657
10.342111199999845 26.563452053302587
10.349973999999843 22.364279463402667
10.357836799999845 18.781428523564593
10.365699599999843 15.73276126563354
10.373562399999845 13.14568431516686
10.381425199999843 10.956267976166751
10.389287999999844 9.108409948839828
10.397150799999842 7.553047768160472
10.405013599999844 6.247422611814036
10.412876399999842 5.154395875176713
10.420739199999844 4.2418188426674845
10.428601999999842 3.4819548905649658
10.436464799999843 2.8509529248228347
10.444327599999841 2.3283701756680144
10.452190399999843 1.8967420245346103
10.460053199999841 1.5411962135058406
10.467915999999843 1.2491085679327898
10.47577879999984 1.00979723472487
10.483641599999842 0.8142523878758755
10.49150439999984 0.6548983659488337
10.499367199999842 0.5253852712580354
10.50722999999984 0.4204071663132495
10.515092799999842 0.3355441398086862
10.52295559999984 0.2671256733763187
10.530818399999841 0.21211291395355164
10.53868119999984 0.1679976385833781
10.546543999999841 0.13271588346135532
10.554406799999839 0.10457439276792727
10.56226959999984 0.08218822185635233
10.570132399999839 0.06442800109708582
10.57799519999984 0.05037552918848427
10.585857999999838 0.03928651672091271
10.59372079999984 0.030559441417786642
10.601583599999838 0.0237096053902814
10.60944639999984 0.01834760188644721
10.617309199999838 0.0141615046167687
10.62517199999984 0.010902187225888335
10.633034799999837 0.008371264435657437
10.640897599999839 0.006411220490592337
10.648760399999837 0.004897355540886017
10.656623199999839 0.0037312372783430458
10.664485999999837 0.0028353942812710713
10.672348799999838 0.002149029894507316
10.680211599999836 0.0016245718101327504
10.688074399999838 0.0012249035217539268
10.695937199999836 0.0009211501516144934
10.703799999999838 0.0006909133938773543
